0.000000000000	0.001776656468
0.001428571429	0.501272264631
0.002857142857	0.501272264631
0.004285714286	0.501272264631
0.005714285714	0.501272264631
0.007142857143	0.501272264631
0.008571428571	0.501272264631
0.010000000000	0.501272264631
0.011428571429	0.501272264631
0.012857142857	0.501272264631
0.014285714286	0.501272264631
0.015714285714	0.501272264631
0.017142857143	0.501272264631
0.018571428571	0.501272264631
0.020000000000	0.501272264631
0.021428571429	0.501272264631
0.022857142857	0.501272264631
0.024285714286	0.501272264631
0.025714285714	0.501272264631
0.027142857143	0.501272264631
0.028571428571	0.501272264631
0.030000000000	0.501272264631
0.031428571429	0.501272264631
0.032857142857	0.501272264631
0.034285714286	0.501272264631
0.035714285714	0.501272264631
0.037142857143	0.501272264631
0.038571428571	0.501272264631
0.040000000000	0.501272264631
0.041428571429	0.501272264631
0.042857142857	0.501272264631
0.044285714286	0.501272264631
0.045714285714	0.501272264631
0.047142857143	0.501272264631
0.048571428571	0.501272264631
0.050000000000	0.501272264631
0.051428571429	0.501272264631
0.052857142857	0.501272264631
0.054285714286	0.501272264631
0.055714285714	0.501272264631
0.057142857143	0.501272264631
0.058571428571	0.501272264631
0.060000000000	0.501272264631
0.061428571429	0.501272264631
0.062857142857	0.501272264631
0.064285714286	0.501272264631
0.065714285714	0.501272264631
0.067142857143	0.501272264631
0.068571428571	0.501272264631
0.070000000000	0.501272264631
0.071428571429	0.501272264631
0.072857142857	0.501272264631
0.074285714286	0.501272264631
0.075714285714	0.501272264631
0.077142857143	0.501272264631
0.078571428571	0.501272264631
0.080000000000	0.501272264631
0.081428571429	0.501272264631
0.082857142857	0.501272264631
0.084285714286	0.501272264631
0.085714285714	0.501272264631
0.087142857143	0.501272264631
0.088571428571	0.501272264631
0.090000000000	0.501272264631
0.091428571429	0.501272264631
0.092857142857	0.501272264631
0.094285714286	0.501272264631
0.095714285714	0.501272264631
0.097142857143	0.501272264631
0.098571428571	0.501272264631
0.100000000000	0.501272264631
0.101428571429	0.501272264631
0.102857142857	0.501272264631
0.104285714286	0.501272264631
0.105714285714	0.501272264631
0.107142857143	0.501272264631
0.108571428571	0.501272264631
0.110000000000	0.501272264631
0.111428571429	0.501272264631
0.112857142857	0.501272264631
0.114285714286	0.501272264631
0.115714285714	0.501272264631
0.117142857143	0.501272264631
0.118571428571	0.501272264631
0.120000000000	0.501272264631
0.121428571429	0.501272264631
0.122857142857	0.501272264631
0.124285714286	0.501272264631
0.125714285714	0.501272264631
0.127142857143	0.501272264631
0.128571428571	0.501272264631
0.130000000000	0.501272264631
0.131428571429	0.501272264631
0.132857142857	0.501272264631
0.134285714286	0.501272264631
0.135714285714	0.501272264631
0.137142857143	0.501272264631
0.138571428571	0.501272264631
0.140000000000	0.501272264631
0.141428571429	0.501272264631
0.142857142857	0.501272264631
0.144285714286	0.501272264631
0.145714285714	0.501272264631
0.147142857143	0.501272264631
0.148571428571	0.501272264631
0.150000000000	0.501272264631
0.151428571429	0.501272264631
0.152857142857	0.501272264631
0.154285714286	0.501272264631
0.155714285714	0.501272264631
0.157142857143	0.501272264631
0.158571428571	0.501272264631
0.160000000000	0.501272264631
0.161428571429	0.501272264631
0.162857142857	0.501272264631
0.164285714286	0.501272264631
0.165714285714	0.501272264631
0.167142857143	0.501272264631
0.168571428571	0.501272264631
0.170000000000	0.501272264631
0.171428571429	0.501272264631
0.172857142857	0.501272264631
0.174285714286	0.501272264631
0.175714285714	0.501272264631
0.177142857143	0.501272264631
0.178571428571	0.501272264631
0.180000000000	0.501272264631
0.181428571429	0.501272264631
0.182857142857	0.501272264631
0.184285714286	0.501272264631
0.185714285714	0.501272264631
0.187142857143	0.501272264631
0.188571428571	0.501272264631
0.190000000000	0.501272264631
0.191428571429	0.501272264631
0.192857142857	0.501272264631
0.194285714286	0.501272264631
0.195714285714	0.501272264631
0.197142857143	0.501272264631
0.198571428571	0.501272264631
0.200000000000	0.501272264631
0.201428571429	0.501272264631
0.202857142857	0.501272264631
0.204285714286	0.501272264631
0.205714285714	0.501272264631
0.207142857143	0.501272264631
0.208571428571	0.501272264631
0.210000000000	0.501272264631
0.211428571429	0.501272264631
0.212857142857	0.501272264631
0.214285714286	0.501272264631
0.215714285714	0.501272264631
0.217142857143	0.501272264631
0.218571428571	0.501272264631
0.220000000000	0.501272264631
0.221428571429	0.501272264631
0.222857142857	0.501272264631
0.224285714286	0.501272264631
0.225714285714	0.501272264631
0.227142857143	0.501272264631
0.228571428571	0.501272264631
0.230000000000	0.501272264631
0.231428571429	0.501272264631
0.232857142857	0.501272264631
0.234285714286	0.501272264631
0.235714285714	0.501272264631
0.237142857143	0.501272264631
0.238571428571	0.501272264631
0.240000000000	0.501272264631
0.241428571429	0.501272264631
0.242857142857	0.501272264631
0.244285714286	0.501272264631
0.245714285714	0.501272264631
0.247142857143	0.501272264631
0.248571428571	0.501272264631
0.250000000000	0.501272264631
0.251428571429	0.501272264631
0.252857142857	0.501272264631
0.254285714286	0.501272264631
0.255714285714	0.501272264631
0.257142857143	0.501272264631
0.258571428571	0.501272264631
0.260000000000	0.501272264631
0.261428571429	0.501272264631
0.262857142857	0.501272264631
0.264285714286	0.501272264631
0.265714285714	0.501272264631
0.267142857143	0.501272264631
0.268571428571	0.501272264631
0.270000000000	0.501272264631
0.271428571429	0.501272264631
0.272857142857	0.501272264631
0.274285714286	0.501272264631
0.275714285714	0.501272264631
0.277142857143	0.501272264631
0.278571428571	0.501272264631
0.280000000000	0.501272264631
0.281428571429	0.501272264631
0.282857142857	0.501272264631
0.284285714286	0.501272264631
0.285714285714	0.501272264631
0.287142857143	0.501272264631
0.288571428571	0.501272264631
0.290000000000	0.501272264631
0.291428571429	0.501272264631
0.292857142857	0.501272264631
0.294285714286	0.501272264631
0.295714285714	0.501272264631
0.297142857143	0.501272264631
0.298571428571	0.501272264631
0.300000000000	0.501272264631
0.301428571429	0.501272264631
0.302857142857	0.501272264631
0.304285714286	0.501272264631
0.305714285714	0.501272264631
0.307142857143	0.501272264631
0.308571428571	0.501272264631
0.310000000000	0.501272264631
0.311428571429	0.501272264631
0.312857142857	0.501272264631
0.314285714286	0.501272264631
0.315714285714	0.501272264631
0.317142857143	0.501272264631
0.318571428571	0.501272264631
0.320000000000	0.501272264631
0.321428571429	0.501272264631
0.322857142857	0.501272264631
0.324285714286	0.501272264631
0.325714285714	0.501272264631
0.327142857143	0.501272264631
0.328571428571	0.501272264631
0.330000000000	0.501272264631
0.331428571429	0.501272264631
0.332857142857	0.501272264631
0.334285714286	0.501272264631
0.335714285714	0.501272264631
0.337142857143	0.501272264631
0.338571428571	0.501272264631
0.340000000000	0.501272264631
0.341428571429	0.501272264631
0.342857142857	0.501272264631
0.344285714286	0.501272264631
0.345714285714	0.501272264631
0.347142857143	0.501272264631
0.348571428571	0.501272264631
0.350000000000	0.501272264631
0.351428571429	0.501272264631
0.352857142857	0.501272264631
0.354285714286	0.501272264631
0.355714285714	0.501272264631
0.357142857143	0.501272264631
0.358571428571	0.501272264631
0.360000000000	0.501272264631
0.361428571429	0.501272264631
0.362857142857	0.501272264631
0.364285714286	0.501272264631
0.365714285714	0.501272264631
0.367142857143	0.501272264631
0.368571428571	0.501272264631
0.370000000000	0.501272264631
0.371428571429	0.501272264631
0.372857142857	0.501272264631
0.374285714286	0.501272264631
0.375714285714	0.501272264631
0.377142857143	0.501272264631
0.378571428571	0.501272264631
0.380000000000	0.501272264631
0.381428571429	0.501272264631
0.382857142857	0.501272264631
0.384285714286	0.501272264631
0.385714285714	0.501272264631
0.387142857143	0.501272264631
0.388571428571	0.501272264631
0.390000000000	0.501272264631
0.391428571429	0.501272264631
0.392857142857	0.501272264631
0.394285714286	0.501272264631
0.395714285714	0.501272264631
0.397142857143	0.501272264631
0.398571428571	0.501272264631
0.400000000000	0.501272264631
0.401428571429	0.501272264631
0.402857142857	0.501272264631
0.404285714286	0.501272264631
0.405714285714	0.501272264631
0.407142857143	0.501272264631
0.408571428571	0.501272264631
0.410000000000	0.501272264631
0.411428571429	0.501272264631
0.412857142857	0.501272264631
0.414285714286	0.501272264631
0.415714285714	0.501272264631
0.417142857143	0.501272264631
0.418571428571	0.501272264631
0.420000000000	0.501272264631
0.421428571429	0.501272264631
0.422857142857	0.501272264631
0.424285714286	0.501272264631
0.425714285714	0.501272264631
0.427142857143	0.501272264631
0.428571428571	0.501272264631
0.430000000000	0.501272264631
0.431428571429	0.501272264631
0.432857142857	0.501272264631
0.434285714286	0.501272264631
0.435714285714	0.501272264631
0.437142857143	0.501272264631
0.438571428571	0.501272264631
0.440000000000	0.501272264631
0.441428571429	0.501272264631
0.442857142857	0.501272264631
0.444285714286	0.501272264631
0.445714285714	0.501272264631
0.447142857143	0.501272264631
0.448571428571	0.501272264631
0.450000000000	0.501272264631
0.451428571429	0.501272264631
0.452857142857	0.501272264631
0.454285714286	0.501272264631
0.455714285714	0.501272264631
0.457142857143	0.501272264631
0.458571428571	0.501272264631
0.460000000000	0.501272264631
0.461428571429	0.501272264631
0.462857142857	0.501272264631
0.464285714286	0.501272264631
0.465714285714	0.501272264631
0.467142857143	0.501272264631
0.468571428571	0.501272264631
0.470000000000	0.501272264631
0.471428571429	0.501272264631
0.472857142857	0.501272264631
0.474285714286	0.501272264631
0.475714285714	0.501272264631
0.477142857143	0.501272264631
0.478571428571	0.501272264631
0.480000000000	0.501272264631
0.481428571429	0.501272264631
0.482857142857	0.501272264631
0.484285714286	0.501272264631
0.485714285714	0.501272264631
0.487142857143	0.501272264631
0.488571428571	0.501272264631
0.490000000000	0.501272264631
0.491428571429	0.501272264631
0.492857142857	0.501272264631
0.494285714286	0.501272264631
0.495714285714	0.501272264631
0.497142857143	0.501272264631
0.498571428571	0.501272264631
0.500000000000	0.501272264631
0.501428571429	0.501272264631
0.502857142857	0.501272264631
0.504285714286	0.501272264631
0.505714285714	0.501272264631
0.507142857143	0.501272264631
0.508571428571	0.501272264631
0.510000000000	0.501272264631
0.511428571429	0.501272264631
0.512857142857	0.501272264631
0.514285714286	0.501272264631
0.515714285714	0.501272264631
0.517142857143	0.501272264631
0.518571428571	0.501272264631
0.520000000000	0.501272264631
0.521428571429	0.501272264631
0.522857142857	0.501272264631
0.524285714286	0.501272264631
0.525714285714	0.501272264631
0.527142857143	0.501272264631
0.528571428571	0.501272264631
0.530000000000	0.501272264631
0.531428571429	0.501272264631
0.532857142857	0.501272264631
0.534285714286	0.501272264631
0.535714285714	0.501272264631
0.537142857143	0.501272264631
0.538571428571	0.501272264631
0.540000000000	0.501272264631
0.541428571429	0.501272264631
0.542857142857	0.501272264631
0.544285714286	0.501272264631
0.545714285714	0.501272264631
0.547142857143	0.501272264631
0.548571428571	0.501272264631
0.550000000000	0.501272264631
0.551428571429	0.501272264631
0.552857142857	0.501272264631
0.554285714286	0.501272264631
0.555714285714	0.501272264631
0.557142857143	0.501272264631
0.558571428571	0.501272264631
0.560000000000	0.501272264631
0.561428571429	0.501272264631
0.562857142857	0.501272264631
0.564285714286	0.501272264631
0.565714285714	0.501272264631
0.567142857143	0.501272264631
0.568571428571	0.501272264631
0.570000000000	0.501272264631
0.571428571429	0.501272264631
0.572857142857	0.501272264631
0.574285714286	0.501272264631
0.575714285714	0.501272264631
0.577142857143	0.501272264631
0.578571428571	0.501272264631
0.580000000000	0.501272264631
0.581428571429	0.501272264631
0.582857142857	0.501272264631
0.584285714286	0.501272264631
0.585714285714	0.501272264631
0.587142857143	0.501272264631
0.588571428571	0.501272264631
0.590000000000	0.501272264631
0.591428571429	0.501272264631
