0 1.000000
0.01 0.999975
0.02 0.999900
0.03 0.999775
0.04 0.999600
0.05 0.999375
0.06 0.999100
0.07 0.998775
0.08 0.998401
0.09 0.997976
0.1 0.997502
0.11 0.996977
0.12 0.996403
0.13 0.995779
0.14 0.995106
0.15 0.994383
0.16 0.993610
0.17 0.992788
0.18 0.991916
0.19 0.990995
0.2 0.990025
0.21 0.989005
0.22 0.987937
0.23 0.986819
0.24 0.985652
0.25 0.984436
0.26 0.983171
0.27 0.981858
0.28 0.980496
0.29 0.979085
0.3 0.977626
0.31 0.976119
0.32 0.974563
0.33 0.972960
0.34 0.971308
0.35 0.969609
0.36 0.967861
0.37 0.966067
0.38 0.964224
0.39 0.962335
0.4 0.960398
0.41 0.958414
0.42 0.956384
0.43 0.954306
0.44 0.952183
0.45 0.950012
0.46 0.947796
0.47 0.945533
0.48 0.943224
0.49 0.940870
0.5 0.938470
0.51 0.936024
0.52 0.933534
0.53 0.930998
0.54 0.928418
0.55 0.925793
0.56 0.923123
0.57 0.920410
0.58 0.917652
0.59 0.914850
0.6 0.912005
0.61 0.909116
0.62 0.906184
0.63 0.903209
0.64 0.900192
0.65 0.897132
0.66 0.894029
0.67 0.890885
0.68 0.887698
0.69 0.884470
0.7 0.881201
0.71 0.877890
0.72 0.874539
0.73 0.871147
0.74 0.867715
0.75 0.864242
0.76 0.860730
0.77 0.857178
0.78 0.853587
0.79 0.849956
0.8 0.846287
0.81 0.842580
0.82 0.838834
0.83 0.835050
0.84 0.831228
0.85 0.827369
0.86 0.823473
0.87 0.819541
0.88 0.815571
0.89 0.811565
0.9 0.807524
0.91 0.803447
0.92 0.799334
0.93 0.795186
0.94 0.791004
0.95 0.786787
0.96 0.782536
0.97 0.778251
0.98 0.773933
0.99 0.769582
1 0.765198
1.01 0.760781
1.02 0.756332
1.03 0.751851
1.04 0.747339
1.05 0.742796
1.06 0.738221
1.07 0.733616
1.08 0.728981
1.09 0.724316
1.1 0.719622
1.11 0.714898
1.12 0.710146
1.13 0.705365
1.14 0.700556
1.15 0.695720
1.16 0.690856
1.17 0.685965
1.18 0.681047
1.19 0.676103
1.2 0.671133
1.21 0.666137
1.22 0.661116
1.23 0.656071
1.24 0.651000
1.25 0.645906
1.26 0.640788
1.27 0.635647
1.28 0.630482
1.29 0.625295
1.3 0.620086
1.31 0.614855
1.32 0.609602
1.33 0.604329
1.34 0.599034
1.35 0.593720
1.36 0.588385
1.37 0.583031
1.38 0.577658
1.39 0.572266
1.4 0.566855
1.41 0.561427
1.42 0.555981
1.43 0.550518
1.44 0.545038
1.45 0.539541
1.46 0.534029
1.47 0.528501
1.48 0.522958
1.49 0.517400
1.5 0.511828
1.51 0.506241
1.52 0.500642
1.53 0.495028
1.54 0.489403
1.55 0.483764
1.56 0.478114
1.57 0.472453
1.58 0.466780
1.59 0.461096
1.6 0.455402
1.61 0.449698
1.62 0.443985
1.63 0.438262
1.64 0.432531
1.65 0.426792
1.66 0.421045
1.67 0.415290
1.68 0.409528
1.69 0.403760
1.7 0.397985
1.71 0.392204
1.72 0.386418
1.73 0.380628
1.74 0.374832
1.75 0.369033
1.76 0.363229
1.77 0.357422
1.78 0.351613
1.79 0.345801
1.8 0.339986
1.81 0.334170
1.82 0.328353
1.83 0.322535
1.84 0.316717
1.85 0.310898
1.86 0.305080
1.87 0.299262
1.88 0.293446
1.89 0.287631
1.9 0.281819
1.91 0.276008
1.92 0.270201
1.93 0.264397
1.94 0.258596
1.95 0.252799
1.96 0.247007
1.97 0.241220
1.98 0.235438
1.99 0.229661
2 0.223891
2.01 0.218127
2.02 0.212370
2.03 0.206620
2.04 0.200878
2.05 0.195143
2.06 0.189418
2.07 0.183701
2.08 0.177993
2.09 0.172295
2.1 0.166607
2.11 0.160929
2.12 0.155262
2.13 0.149607
2.14 0.143963
2.15 0.138330
2.16 0.132711
2.17 0.127104
2.18 0.121509
2.19 0.115929
2.2 0.110362
2.21 0.104810
2.22 0.099272
2.23 0.093749
2.24 0.088242
2.25 0.082750
2.26 0.077274
2.27 0.071815
2.28 0.066373
2.29 0.060947
2.3 0.055540
2.31 0.050150
2.32 0.044779
2.33 0.039426
2.34 0.034092
2.35 0.028778
2.36 0.023483
2.37 0.018208
2.38 0.012954
2.39 0.007720
2.4 0.002508
2.41 -0.002683
2.42 -0.007853
2.43 -0.013000
2.44 -0.018125
2.45 -0.023227
2.46 -0.028306
2.47 -0.033361
2.48 -0.038393
2.49 -0.043401
2.5 -0.048384
2.51 -0.053342
2.52 -0.058276
2.53 -0.063184
2.54 -0.068066
2.55 -0.072923
2.56 -0.077753
2.57 -0.082557
2.58 -0.087333
2.59 -0.092083
2.6 -0.096805
2.61 -0.101499
2.62 -0.106165
2.63 -0.110803
2.64 -0.115412
2.65 -0.119992
2.66 -0.124543
2.67 -0.129065
2.68 -0.133557
2.69 -0.138018
2.7 -0.142449
2.71 -0.146850
2.72 -0.151220
2.73 -0.155559
2.74 -0.159866
2.75 -0.164141
2.76 -0.168385
2.77 -0.172597
2.78 -0.176776
2.79 -0.180922
2.8 -0.185036
2.81 -0.189117
2.82 -0.193164
2.83 -0.197177
2.84 -0.201157
2.85 -0.205102
2.86 -0.209014
2.87 -0.212890
2.88 -0.216733
2.89 -0.220540
2.9 -0.224312
2.91 -0.228048
2.92 -0.231749
2.93 -0.235414
2.94 -0.239043
2.95 -0.242636
2.96 -0.246193
2.97 -0.249713
2.98 -0.253196
2.99 -0.256643
3 -0.260052
3.01 -0.263424
3.02 -0.266758
3.03 -0.270055
3.04 -0.273314
3.05 -0.276535
3.06 -0.279718
3.07 -0.282862
3.08 -0.285968
3.09 -0.289036
3.1 -0.292064
3.11 -0.295054
3.12 -0.298005
3.13 -0.300916
3.14 -0.303788
3.15 -0.306621
3.16 -0.309414
3.17 -0.312168
3.18 -0.314881
3.19 -0.317555
3.2 -0.320188
3.21 -0.322781
3.22 -0.325335
3.23 -0.327847
3.24 -0.330319
3.25 -0.332751
3.26 -0.335142
3.27 -0.337492
3.28 -0.339801
3.29 -0.342069
3.3 -0.344296
3.31 -0.346482
3.32 -0.348627
3.33 -0.350731
3.34 -0.352793
3.35 -0.354814
3.36 -0.356793
3.37 -0.358731
3.38 -0.360628
3.39 -0.362482
3.4 -0.364296
3.41 -0.366067
3.42 -0.367797
3.43 -0.369485
3.44 -0.371131
3.45 -0.372735
3.46 -0.374297
3.47 -0.375818
3.48 -0.377296
3.49 -0.378733
3.5 -0.380128
3.51 -0.381481
3.52 -0.382791
3.53 -0.384060
3.54 -0.385287
3.55 -0.386472
3.56 -0.387615
3.57 -0.388717
3.58 -0.389776
3.59 -0.390793
3.6 -0.391769
3.61 -0.392703
3.62 -0.393595
3.63 -0.394445
3.64 -0.395253
3.65 -0.396020
3.66 -0.396745
3.67 -0.397429
3.68 -0.398071
3.69 -0.398671
3.7 -0.399230
3.71 -0.399748
3.72 -0.400224
3.73 -0.400659
3.74 -0.401053
3.75 -0.401406
3.76 -0.401718
3.77 -0.401989
3.78 -0.402219
3.79 -0.402408
3.8 -0.402556
3.81 -0.402664
3.82 -0.402732
3.83 -0.402759
3.84 -0.402746
3.85 -0.402692
3.86 -0.402599
3.87 -0.402465
3.88 -0.402292
3.89 -0.402079
3.9 -0.401826
3.91 -0.401534
3.92 -0.401202
3.93 -0.400832
3.94 -0.400422
3.95 -0.399973
3.96 -0.399485
3.97 -0.398959
3.98 -0.398394
3.99 -0.397791
4 -0.397150
4.01 -0.396470
4.02 -0.395753
4.03 -0.394998
4.04 -0.394205
4.05 -0.393375
4.06 -0.392508
4.07 -0.391603
4.08 -0.390662
4.09 -0.389684
4.1 -0.388670
4.11 -0.387619
4.12 -0.386532
4.13 -0.385409
4.14 -0.384250
4.15 -0.383056
4.16 -0.381826
4.17 -0.380561
4.18 -0.379261
4.19 -0.377926
4.2 -0.376557
4.21 -0.375153
4.22 -0.373716
4.23 -0.372244
4.24 -0.370739
4.25 -0.369200
4.26 -0.367628
4.27 -0.366022
4.28 -0.364385
4.29 -0.362714
4.3 -0.361011
4.31 -0.359276
4.32 -0.357509
4.33 -0.355711
4.34 -0.353881
4.35 -0.352020
4.36 -0.350128
4.37 -0.348206
4.38 -0.346253
4.39 -0.344270
4.4 -0.342257
4.41 -0.340214
4.42 -0.338142
4.43 -0.336041
4.44 -0.333912
4.45 -0.331753
4.46 -0.329567
4.47 -0.327352
4.48 -0.325110
4.49 -0.322840
4.5 -0.320543
4.51 -0.318218
4.52 -0.315868
4.53 -0.313491
4.54 -0.311088
4.55 -0.308659
4.56 -0.306204
4.57 -0.303725
4.58 -0.301220
4.59 -0.298691
4.6 -0.296138
4.61 -0.293560
4.62 -0.290959
4.63 -0.288334
4.64 -0.285687
4.65 -0.283016
4.66 -0.280323
4.67 -0.277607
4.68 -0.274870
4.69 -0.272111
4.7 -0.269331
4.71 -0.266530
4.72 -0.263708
4.73 -0.260865
4.74 -0.258003
4.75 -0.255121
4.76 -0.252219
4.77 -0.249299
4.78 -0.246359
4.79 -0.243401
4.8 -0.240425
4.81 -0.237431
4.82 -0.234420
4.83 -0.231392
4.84 -0.228346
4.85 -0.225284
4.86 -0.222206
4.87 -0.219112
4.88 -0.216003
4.89 -0.212878
4.9 -0.209738
4.91 -0.206584
4.92 -0.203416
4.93 -0.200233
4.94 -0.197038
4.95 -0.193829
4.96 -0.190607
4.97 -0.187372
4.98 -0.184125
4.99 -0.180867
5 -0.177597
5.01 -0.174315
5.02 -0.171023
5.03 -0.167720
5.04 -0.164408
5.05 -0.161085
5.06 -0.157752
5.07 -0.154411
5.08 -0.151061
5.09 -0.147702
5.1 -0.144335
5.11 -0.140960
5.12 -0.137578
5.13 -0.134188
5.14 -0.130792
5.15 -0.127389
5.16 -0.123980
5.17 -0.120566
5.18 -0.117146
5.19 -0.113720
5.2 -0.110290
5.21 -0.106856
5.22 -0.103418
5.23 -0.099975
5.24 -0.096530
5.25 -0.093081
5.26 -0.089630
5.27 -0.086176
5.28 -0.082720
5.29 -0.079262
5.3 -0.075803
5.31 -0.072343
5.32 -0.068882
5.33 -0.065421
5.34 -0.061960
5.35 -0.058499
5.36 -0.055039
5.37 -0.051579
5.38 -0.048121
5.39 -0.044665
5.4 -0.041210
5.41 -0.037758
5.42 -0.034308
5.43 -0.030861
5.44 -0.027418
5.45 -0.023978
5.46 -0.020542
5.47 -0.017110
5.48 -0.013683
5.49 -0.010261
5.5 -0.006844
5.51 -0.003432
5.52 -0.000027
5.53 0.003373
5.54 0.006766
5.55 0.010152
5.56 0.013532
5.57 0.016903
5.58 0.020267
5.59 0.023623
5.6 0.026971
5.61 0.030310
5.62 0.033640
5.63 0.036960
5.64 0.040272
5.65 0.043573
5.66 0.046864
5.67 0.050144
5.68 0.053414
5.69 0.056673
5.7 0.059920
5.71 0.063156
5.72 0.066379
5.73 0.069591
5.74 0.072789
5.75 0.075975
5.76 0.079148
5.77 0.082308
5.78 0.085453
5.79 0.088585
5.8 0.091703
5.81 0.094806
5.82 0.097894
5.83 0.100967
5.84 0.104024
5.85 0.107067
5.86 0.110093
5.87 0.113103
5.88 0.116096
5.89 0.119073
5.9 0.122033
5.91 0.124976
5.92 0.127901
5.93 0.130809
5.94 0.133699
5.95 0.136570
5.96 0.139423
5.97 0.142257
5.98 0.145073
5.99 0.147869
6 0.150645
6.01 0.153402
6.02 0.156139
6.03 0.158856
6.04 0.161553
6.05 0.164229
6.06 0.166884
6.07 0.169518
6.08 0.172131
6.09 0.174722
6.1 0.177291
6.11 0.179839
6.12 0.182365
6.13 0.184868
6.14 0.187348
6.15 0.189806
6.16 0.192241
6.17 0.194653
6.18 0.197041
6.19 0.199406
6.2 0.201747
6.21 0.204064
6.22 0.206357
6.23 0.208626
6.24 0.210870
6.25 0.213090
6.26 0.215285
6.27 0.217455
6.28 0.219599
6.29 0.221718
6.3 0.223812
6.31 0.225880
6.32 0.227922
6.33 0.229938
6.34 0.231928
6.35 0.233892
6.36 0.235829
6.37 0.237740
6.38 0.239624
6.39 0.241481
6.4 0.243311
6.41 0.245113
6.42 0.246889
6.43 0.248637
6.44 0.250357
6.45 0.252050
6.46 0.253715
6.47 0.255352
6.48 0.256961
6.49 0.258542
6.5 0.260095
6.51 0.261619
6.52 0.263115
6.53 0.264582
6.54 0.266020
6.55 0.267430
6.56 0.268811
6.57 0.270162
6.58 0.271485
6.59 0.272779
6.6 0.274043
6.61 0.275279
6.62 0.276484
6.63 0.277661
6.64 0.278807
6.65 0.279925
6.66 0.281012
6.67 0.282070
6.68 0.283098
6.69 0.284096
6.7 0.285065
6.71 0.286003
6.72 0.286912
6.73 0.287790
6.74 0.288638
6.75 0.289457
6.76 0.290245
6.77 0.291003
6.78 0.291731
6.79 0.292428
6.8 0.293096
6.81 0.293733
6.82 0.294339
6.83 0.294916
6.84 0.295462
6.85 0.295978
6.86 0.296463
6.87 0.296919
6.88 0.297343
6.89 0.297738
6.9 0.298102
6.91 0.298436
6.92 0.298739
6.93 0.299013
6.94 0.299256
6.95 0.299468
6.96 0.299651
6.97 0.299803
6.98 0.299925
6.99 0.300017
7 0.300079
7.01 0.300111
7.02 0.300113
7.03 0.300085
7.04 0.300026
7.05 0.299938
7.06 0.299820
7.07 0.299673
7.08 0.299495
7.09 0.299288
7.1 0.299051
7.11 0.298785
7.12 0.298489
7.13 0.298164
7.14 0.297810
7.15 0.297426
7.16 0.297013
7.17 0.296571
7.18 0.296100
7.19 0.295600
7.2 0.295071
7.21 0.294513
7.22 0.293927
7.23 0.293312
7.24 0.292669
7.25 0.291997
7.26 0.291297
7.27 0.290569
7.28 0.289813
7.29 0.289029
7.3 0.288217
7.31 0.287377
7.32 0.286510
7.33 0.285616
7.34 0.284694
7.35 0.283745
7.36 0.282769
7.37 0.281766
7.38 0.280736
7.39 0.279679
7.4 0.278596
7.41 0.277487
7.42 0.276351
7.43 0.275189
7.44 0.274002
7.45 0.272788
7.46 0.271549
7.47 0.270285
7.48 0.268995
7.49 0.267680
7.5 0.266340
7.51 0.264975
7.52 0.263585
7.53 0.262171
7.54 0.260733
7.55 0.259270
7.56 0.257784
7.57 0.256274
7.58 0.254740
7.59 0.253182
7.6 0.251602
7.61 0.249998
7.62 0.248372
7.63 0.246722
7.64 0.245051
7.65 0.243357
7.66 0.241641
7.67 0.239903
7.68 0.238143
7.69 0.236362
7.7 0.234559
7.71 0.232735
7.72 0.230891
7.73 0.229026
7.74 0.227140
7.75 0.225234
7.76 0.223308
7.77 0.221362
7.78 0.219397
7.79 0.217412
7.8 0.215408
7.81 0.213385
7.82 0.211343
7.83 0.209283
7.84 0.207204
7.85 0.205108
7.86 0.202993
7.87 0.200861
7.88 0.198712
7.89 0.196545
7.9 0.194362
7.91 0.192162
7.92 0.189945
7.93 0.187713
7.94 0.185464
7.95 0.183200
7.96 0.180920
7.97 0.178625
7.98 0.176315
7.99 0.173990
8 0.171651
8.01 0.169297
8.02 0.166930
8.03 0.164549
8.04 0.162154
8.05 0.159746
8.06 0.157325
8.07 0.154892
8.08 0.152446
8.09 0.149988
8.1 0.147517
8.11 0.145036
8.12 0.142542
8.13 0.140038
8.14 0.137522
8.15 0.134996
8.16 0.132460
8.17 0.129913
8.18 0.127357
8.19 0.124791
8.2 0.122215
8.21 0.119631
8.22 0.117038
8.23 0.114436
8.24 0.111826
8.25 0.109207
8.26 0.106582
8.27 0.103948
8.28 0.101308
8.29 0.098660
8.3 0.096006
8.31 0.093346
8.32 0.090679
8.33 0.088006
8.34 0.085328
8.35 0.082645
8.36 0.079956
8.37 0.077263
8.38 0.074565
8.39 0.071863
8.4 0.069157
8.41 0.066448
8.42 0.063735
8.43 0.061018
8.44 0.058299
8.45 0.055577
8.46 0.052853
8.47 0.050127
8.48 0.047399
8.49 0.044670
8.5 0.041939
8.51 0.039208
8.52 0.036475
8.53 0.033742
8.54 0.031009
8.55 0.028277
8.56 0.025544
8.57 0.022812
8.58 0.020081
8.59 0.017351
8.6 0.014623
8.61 0.011896
8.62 0.009172
8.63 0.006449
8.64 0.003729
8.65 0.001012
8.66 -0.001702
8.67 -0.004413
8.68 -0.007120
8.69 -0.009823
8.7 -0.012523
8.71 -0.015218
8.72 -0.017908
8.73 -0.020594
8.74 -0.023274
8.75 -0.025949
8.76 -0.028618
8.77 -0.031282
8.78 -0.033939
8.79 -0.036590
8.8 -0.039234
8.81 -0.041871
8.82 -0.044501
8.83 -0.047124
8.84 -0.049739
8.85 -0.052346
8.86 -0.054945
8.87 -0.057535
8.88 -0.060117
8.89 -0.062690
8.9 -0.065253
8.91 -0.067808
8.92 -0.070352
8.93 -0.072887
8.94 -0.075412
8.95 -0.077926
8.96 -0.080430
8.97 -0.082922
8.98 -0.085404
8.99 -0.087875
9 -0.090334
9.01 -0.092781
9.02 -0.095216
9.03 -0.097639
9.04 -0.100050
9.05 -0.102447
9.06 -0.104832
9.07 -0.107204
9.08 -0.109563
9.09 -0.111908
9.1 -0.114239
9.11 -0.116557
9.12 -0.118860
9.13 -0.121148
9.14 -0.123422
9.15 -0.125682
9.16 -0.127926
9.17 -0.130155
9.18 -0.132368
9.19 -0.134566
9.2 -0.136748
9.21 -0.138914
9.22 -0.141064
9.23 -0.143198
9.24 -0.145314
9.25 -0.147414
9.26 -0.149497
9.27 -0.151563
9.28 -0.153611
9.29 -0.155642
9.3 -0.157655
9.31 -0.159650
9.32 -0.161627
9.33 -0.163586
9.34 -0.165526
9.35 -0.167448
9.36 -0.169351
9.37 -0.171235
9.38 -0.173100
9.39 -0.174945
9.4 -0.176772
9.41 -0.178578
9.42 -0.180365
9.43 -0.182132
9.44 -0.183878
9.45 -0.185605
9.46 -0.187311
9.47 -0.188997
9.48 -0.190661
9.49 -0.192306
9.5 -0.193929
9.51 -0.195531
9.52 -0.197112
9.53 -0.198671
9.54 -0.200209
9.55 -0.201726
9.56 -0.203220
9.57 -0.204693
9.58 -0.206144
9.59 -0.207572
9.6 -0.208979
9.61 -0.210363
9.62 -0.211724
9.63 -0.213063
9.64 -0.214380
9.65 -0.215673
9.66 -0.216944
9.67 -0.218192
9.68 -0.219416
9.69 -0.220617
9.7 -0.221795
9.71 -0.222950
9.72 -0.224081
9.73 -0.225189
9.74 -0.226273
9.75 -0.227333
9.76 -0.228370
9.77 -0.229382
9.78 -0.230371
9.79 -0.231336
9.8 -0.232276
9.81 -0.233192
9.82 -0.234084
9.83 -0.234952
9.84 -0.235796
9.85 -0.236615
9.86 -0.237409
9.87 -0.238179
9.88 -0.238924
9.89 -0.239645
9.9 -0.240341
9.91 -0.241012
9.92 -0.241659
9.93 -0.242281
9.94 -0.242878
9.95 -0.243450
9.96 -0.243997
9.97 -0.244519
9.98 -0.245016
9.99 -0.245489
10 -0.245936
10.01 -0.246358
10.02 -0.246755
10.03 -0.247127
10.04 -0.247474
10.05 -0.247796
10.06 -0.248093
10.07 -0.248365
10.08 -0.248612
10.09 -0.248833
10.1 -0.249030
10.11 -0.249201
10.12 -0.249347
10.13 -0.249469
10.14 -0.249565
10.15 -0.249636
10.16 -0.249682
10.17 -0.249703
10.18 -0.249700
10.19 -0.249671
10.2 -0.249617
10.21 -0.249538
10.22 -0.249435
10.23 -0.249307
10.24 -0.249154
10.25 -0.248976
10.26 -0.248773
10.27 -0.248546
10.28 -0.248294
10.29 -0.248018
10.3 -0.247717
10.31 -0.247391
10.32 -0.247042
10.33 -0.246667
10.34 -0.246269
10.35 -0.245846
10.36 -0.245399
10.37 -0.244928
10.38 -0.244433
10.39 -0.243915
10.4 -0.243372
10.41 -0.242805
10.42 -0.242215
10.43 -0.241601
10.44 -0.240963
10.45 -0.240302
10.46 -0.239618
10.47 -0.238910
10.48 -0.238179
10.49 -0.237425
10.5 -0.236648
10.51 -0.235848
10.52 -0.235026
10.53 -0.234180
10.54 -0.233312
10.55 -0.232421
10.56 -0.231508
10.57 -0.230573
10.58 -0.229616
10.59 -0.228636
10.6 -0.227635
10.61 -0.226612
10.62 -0.225567
10.63 -0.224501
10.64 -0.223413
10.65 -0.222304
10.66 -0.221173
10.67 -0.220022
10.68 -0.218850
10.69 -0.217656
10.7 -0.216443
10.71 -0.215209
10.72 -0.213954
10.73 -0.212679
10.74 -0.211384
10.75 -0.210069
10.76 -0.208735
10.77 -0.207381
10.78 -0.206007
10.79 -0.204614
10.8 -0.203202
10.81 -0.201771
10.82 -0.200321
10.83 -0.198852
10.84 -0.197365
10.85 -0.195859
10.86 -0.194336
10.87 -0.192794
10.88 -0.191234
10.89 -0.189657
10.9 -0.188062
10.91 -0.186450
10.92 -0.184821
10.93 -0.183175
10.94 -0.181511
10.95 -0.179832
10.96 -0.178136
10.97 -0.176423
10.98 -0.174695
10.99 -0.172950
11 -0.171190
11.01 -0.169415
11.02 -0.167624
11.03 -0.165818
11.04 -0.163997
11.05 -0.162161
11.06 -0.160311
11.07 -0.158446
11.08 -0.156567
11.09 -0.154675
11.1 -0.152768
11.11 -0.150848
11.12 -0.148915
11.13 -0.146968
11.14 -0.145009
11.15 -0.143037
11.16 -0.141052
11.17 -0.139055
11.18 -0.137046
11.19 -0.135025
11.2 -0.132992
11.21 -0.130948
11.22 -0.128892
11.23 -0.126826
11.24 -0.124748
11.25 -0.122660
11.26 -0.120562
11.27 -0.118453
11.28 -0.116335
11.29 -0.114206
11.3 -0.112068
11.31 -0.109921
11.32 -0.107765
11.33 -0.105600
11.34 -0.103426
11.35 -0.101244
11.36 -0.099054
11.37 -0.096855
11.38 -0.094649
11.39 -0.092435
11.4 -0.090215
11.41 -0.087986
11.42 -0.085752
11.43 -0.083510
11.44 -0.081262
11.45 -0.079008
11.46 -0.076748
11.47 -0.074483
11.48 -0.072212
11.49 -0.069935
11.5 -0.067654
11.51 -0.065368
11.52 -0.063077
11.53 -0.060782
11.54 -0.058483
11.55 -0.056180
11.56 -0.053874
11.57 -0.051564
11.58 -0.049250
11.59 -0.046934
11.6 -0.044616
11.61 -0.042294
11.62 -0.039971
11.63 -0.037646
11.64 -0.035318
11.65 -0.032990
11.66 -0.030660
11.67 -0.028329
11.68 -0.025997
11.69 -0.023664
11.7 -0.021331
11.71 -0.018998
11.72 -0.016665
11.73 -0.014333
11.74 -0.012001
11.75 -0.009669
11.76 -0.007339
11.77 -0.005010
11.78 -0.002683
11.79 -0.000357
11.8 0.001967
11.81 0.004289
11.82 0.006608
11.83 0.008925
11.84 0.011239
11.85 0.013550
11.86 0.015857
11.87 0.018161
11.88 0.020461
11.89 0.022757
11.9 0.025049
11.91 0.027337
11.92 0.029620
11.93 0.031898
11.94 0.034171
11.95 0.036439
11.96 0.038701
11.97 0.040957
11.98 0.043207
11.99 0.045452
12 0.047689
12.01 0.049920
12.02 0.052145
12.03 0.054362
12.04 0.056572
12.05 0.058774
12.06 0.060969
12.07 0.063156
12.08 0.065335
12.09 0.067505
12.1 0.069667
12.11 0.071820
12.12 0.073964
12.13 0.076099
12.14 0.078225
12.15 0.080341
12.16 0.082447
12.17 0.084543
12.18 0.086629
12.19 0.088705
12.2 0.090770
12.21 0.092825
12.22 0.094868
12.23 0.096900
12.24 0.098921
12.25 0.100931
12.26 0.102928
12.27 0.104914
12.28 0.106888
12.29 0.108849
12.3 0.110798
12.31 0.112734
12.32 0.114658
12.33 0.116568
12.34 0.118465
12.35 0.120349
12.36 0.122219
12.37 0.124076
12.38 0.125918
12.39 0.127747
12.4 0.129561
12.41 0.131361
12.42 0.133146
12.43 0.134917
12.44 0.136672
12.45 0.138413
12.46 0.140138
12.47 0.141848
12.48 0.143543
12.49 0.145221
12.5 0.146884
12.51 0.148531
12.52 0.150162
12.53 0.151776
12.54 0.153374
12.55 0.154955
12.56 0.156519
12.57 0.158067
12.58 0.159598
12.59 0.161111
12.6 0.162607
12.61 0.164086
12.62 0.165547
12.63 0.166990
12.64 0.168416
12.65 0.169824
12.66 0.171213
12.67 0.172584
12.68 0.173937
12.69 0.175272
12.7 0.176588
12.71 0.177885
12.72 0.179164
12.73 0.180423
12.74 0.181664
12.75 0.182885
12.76 0.184087
12.77 0.185270
12.78 0.186433
12.79 0.187577
12.8 0.188701
12.81 0.189806
12.82 0.190890
12.83 0.191955
12.84 0.193000
12.85 0.194024
12.86 0.195029
12.87 0.196013
12.88 0.196976
12.89 0.197920
12.9 0.198842
12.91 0.199745
12.92 0.200626
12.93 0.201487
12.94 0.202327
12.95 0.203146
12.96 0.203944
12.97 0.204721
12.98 0.205477
12.99 0.206212
13 0.206926
13.01 0.207619
13.02 0.208290
13.03 0.208940
13.04 0.209568
13.05 0.210176
13.06 0.210761
13.07 0.211325
13.08 0.211868
13.09 0.212389
13.1 0.212888
13.11 0.213366
13.12 0.213822
13.13 0.214256
13.14 0.214669
13.15 0.215059
13.16 0.215428
13.17 0.215776
13.18 0.216101
13.19 0.216404
13.2 0.216686
13.21 0.216946
13.22 0.217183
13.23 0.217399
13.24 0.217594
13.25 0.217766
13.26 0.217916
13.27 0.218044
13.28 0.218151
13.29 0.218235
13.3 0.218298
13.31 0.218339
13.32 0.218358
13.33 0.218355
13.34 0.218330
13.35 0.218284
13.36 0.218216
13.37 0.218126
13.38 0.218014
13.39 0.217880
13.4 0.217725
13.41 0.217548
13.42 0.217350
13.43 0.217130
13.44 0.216888
13.45 0.216625
13.46 0.216341
13.47 0.216035
13.48 0.215708
13.49 0.215359
13.5 0.214989
13.51 0.214598
13.52 0.214186
13.53 0.213752
13.54 0.213298
13.55 0.212823
13.56 0.212326
13.57 0.211809
13.58 0.211271
13.59 0.210713
13.6 0.210133
13.61 0.209533
13.62 0.208913
13.63 0.208272
13.64 0.207611
13.65 0.206929
13.66 0.206228
13.67 0.205506
13.68 0.204764
13.69 0.204002
13.7 0.203221
13.71 0.202420
13.72 0.201599
13.73 0.200758
13.74 0.199898
13.75 0.199019
13.76 0.198120
13.77 0.197203
13.78 0.196266
13.79 0.195310
13.8 0.194336
13.81 0.193342
13.82 0.192331
13.83 0.191300
13.84 0.190251
13.85 0.189184
13.86 0.188099
13.87 0.186996
13.88 0.185875
13.89 0.184736
13.9 0.183580
13.91 0.182406
13.92 0.181214
13.93 0.180006
13.94 0.178780
13.95 0.177537
13.96 0.176278
13.97 0.175001
13.98 0.173708
13.99 0.172399
14 0.171073
14.01 0.169732
14.02 0.168374
14.03 0.167000
14.04 0.165611
14.05 0.164206
14.06 0.162785
14.07 0.161350
14.08 0.159899
14.09 0.158433
14.1 0.156953
14.11 0.155458
14.12 0.153948
14.13 0.152424
14.14 0.150886
14.15 0.149334
14.16 0.147768
14.17 0.146188
14.18 0.144595
14.19 0.142989
14.2 0.141369
14.21 0.139737
14.22 0.138091
14.23 0.136433
14.24 0.134763
14.25 0.133080
14.26 0.131385
14.27 0.129678
14.28 0.127960
14.29 0.126229
14.3 0.124488
14.31 0.122735
14.32 0.120971
14.33 0.119196
14.34 0.117411
14.35 0.115615
14.36 0.113808
14.37 0.111992
14.38 0.110166
14.39 0.108330
14.4 0.106484
14.41 0.104629
14.42 0.102765
14.43 0.100892
14.44 0.099010
14.45 0.097119
14.46 0.095221
14.47 0.093313
14.48 0.091398
14.49 0.089475
14.5 0.087545
14.51 0.085607
14.52 0.083662
14.53 0.081709
14.54 0.079750
14.55 0.077785
14.56 0.075813
14.57 0.073834
14.58 0.071850
14.59 0.069860
14.6 0.067864
14.61 0.065863
14.62 0.063856
14.63 0.061845
14.64 0.059829
14.65 0.057808
14.66 0.055783
14.67 0.053753
14.68 0.051720
14.69 0.049683
14.7 0.047642
14.71 0.045598
14.72 0.043550
14.73 0.041500
14.74 0.039447
14.75 0.037391
14.76 0.035333
14.77 0.033273
14.78 0.031211
14.79 0.029148
14.8 0.027082
14.81 0.025016
14.82 0.022948
14.83 0.020879
14.84 0.018810
14.85 0.016740
14.86 0.014670
14.87 0.012600
14.88 0.010530
14.89 0.008461
14.9 0.006392
14.91 0.004323
14.92 0.002256
14.93 0.000190
14.94 -0.001875
14.95 -0.003939
14.96 -0.006000
14.97 -0.008060
14.98 -0.010117
14.99 -0.012172
15 -0.014224
15.01 -0.016274
15.02 -0.018321
15.03 -0.020364
15.04 -0.022404
15.05 -0.024441
15.06 -0.026473
15.07 -0.028502
15.08 -0.030526
15.09 -0.032546
15.1 -0.034562
15.11 -0.036573
15.12 -0.038578
15.13 -0.040579
15.14 -0.042574
15.15 -0.044563
15.16 -0.046547
15.17 -0.048525
15.18 -0.050497
15.19 -0.052462
15.2 -0.054421
15.21 -0.056373
15.22 -0.058318
15.23 -0.060256
15.24 -0.062187
15.25 -0.064110
15.26 -0.066026
15.27 -0.067933
15.28 -0.069833
15.29 -0.071724
15.3 -0.073608
15.31 -0.075482
15.32 -0.077348
15.33 -0.079204
15.34 -0.081052
15.35 -0.082890
15.36 -0.084719
15.37 -0.086538
15.38 -0.088348
15.39 -0.090147
15.4 -0.091936
15.41 -0.093715
15.42 -0.095483
15.43 -0.097241
15.44 -0.098988
15.45 -0.100723
15.46 -0.102448
15.47 -0.104161
15.48 -0.105863
15.49 -0.107553
15.5 -0.109231
15.51 -0.110897
15.52 -0.112551
15.53 -0.114192
15.54 -0.115821
15.55 -0.117438
15.56 -0.119042
15.57 -0.120633
15.58 -0.122210
15.59 -0.123775
15.6 -0.125326
15.61 -0.126864
15.62 -0.128388
15.63 -0.129898
15.64 -0.131394
15.65 -0.132876
15.66 -0.134344
15.67 -0.135797
15.68 -0.137236
15.69 -0.138661
15.7 -0.140070
15.71 -0.141465
15.72 -0.142845
15.73 -0.144209
15.74 -0.145558
15.75 -0.146892
15.76 -0.148210
15.77 -0.149513
15.78 -0.150800
15.79 -0.152071
15.8 -0.153326
15.81 -0.154565
15.82 -0.155787
15.83 -0.156993
15.84 -0.158183
15.85 -0.159356
15.86 -0.160513
15.87 -0.161653
15.88 -0.162776
15.89 -0.163882
15.9 -0.164970
15.91 -0.166042
15.92 -0.167097
15.93 -0.168134
15.94 -0.169153
15.95 -0.170155
15.96 -0.171140
15.97 -0.172106
15.98 -0.173055
15.99 -0.173986
16 -0.174899
16.01 -0.175794
16.02 -0.176671
16.03 -0.177529
16.04 -0.178370
16.05 -0.179192
16.06 -0.179995
16.07 -0.180780
16.08 -0.181547
16.09 -0.182295
16.1 -0.183024
16.11 -0.183734
16.12 -0.184426
16.13 -0.185098
16.14 -0.185752
16.15 -0.186387
16.16 -0.187003
16.17 -0.187600
16.18 -0.188177
16.19 -0.188736
16.2 -0.189275
16.21 -0.189795
16.22 -0.190296
16.23 -0.190777
16.24 -0.191239
16.25 -0.191682
16.26 -0.192105
16.27 -0.192508
16.28 -0.192893
16.29 -0.193257
16.3 -0.193602
16.31 -0.193928
16.32 -0.194234
16.33 -0.194520
16.34 -0.194787
16.35 -0.195034
16.36 -0.195262
16.37 -0.195469
16.38 -0.195658
16.39 -0.195826
16.4 -0.195975
16.41 -0.196104
16.42 -0.196213
16.43 -0.196303
16.44 -0.196373
16.45 -0.196424
16.46 -0.196454
16.47 -0.196465
16.48 -0.196457
16.49 -0.196429
16.5 -0.196381
16.51 -0.196313
16.52 -0.196226
16.53 -0.196120
16.54 -0.195994
16.55 -0.195848
16.56 -0.195683
16.57 -0.195498
16.58 -0.195294
16.59 -0.195071
16.6 -0.194828
16.61 -0.194566
16.62 -0.194284
16.63 -0.193984
16.64 -0.193664
16.65 -0.193325
16.66 -0.192967
16.67 -0.192589
16.68 -0.192193
16.69 -0.191778
16.7 -0.191344
16.71 -0.190890
16.72 -0.190419
16.73 -0.189928
16.74 -0.189419
16.75 -0.188891
16.76 -0.188344
16.77 -0.187779
16.78 -0.187196
16.79 -0.186594
16.8 -0.185974
16.81 -0.185336
16.82 -0.184679
16.83 -0.184005
16.84 -0.183312
16.85 -0.182601
16.86 -0.181873
16.87 -0.181127
16.88 -0.180363
16.89 -0.179582
16.9 -0.178783
16.91 -0.177967
16.92 -0.177134
16.93 -0.176283
16.94 -0.175415
16.95 -0.174530
16.96 -0.173629
16.97 -0.172710
16.98 -0.171775
16.99 -0.170823
17 -0.169854
17.01 -0.168869
17.02 -0.167868
17.03 -0.166851
17.04 -0.165817
17.05 -0.164768
17.06 -0.163703
17.07 -0.162622
17.08 -0.161525
17.09 -0.160413
17.1 -0.159285
17.11 -0.158143
17.12 -0.156985
17.13 -0.155812
17.14 -0.154624
17.15 -0.153421
17.16 -0.152204
17.17 -0.150972
17.18 -0.149726
17.19 -0.148466
17.2 -0.147191
17.21 -0.145903
17.22 -0.144600
17.23 -0.143284
17.24 -0.141955
17.25 -0.140612
17.26 -0.139256
17.27 -0.137886
17.28 -0.136504
17.29 -0.135109
17.3 -0.133701
17.31 -0.132280
17.32 -0.130847
17.33 -0.129402
17.34 -0.127945
17.35 -0.126476
17.36 -0.124995
17.37 -0.123502
17.38 -0.121998
17.39 -0.120482
17.4 -0.118956
17.41 -0.117418
17.42 -0.115870
17.43 -0.114311
17.44 -0.112741
17.45 -0.111161
17.46 -0.109570
17.47 -0.107970
17.48 -0.106360
17.49 -0.104740
17.5 -0.103110
17.51 -0.101472
17.52 -0.099823
17.53 -0.098166
17.54 -0.096500
17.55 -0.094826
17.56 -0.093143
17.57 -0.091451
17.58 -0.089751
17.59 -0.088043
17.6 -0.086328
17.61 -0.084605
17.62 -0.082874
17.63 -0.081136
17.64 -0.079391
17.65 -0.077639
17.66 -0.075880
17.67 -0.074114
17.68 -0.072343
17.69 -0.070565
17.7 -0.068780
17.71 -0.066990
17.72 -0.065195
17.73 -0.063394
17.74 -0.061587
17.75 -0.059775
17.76 -0.057959
17.77 -0.056137
17.78 -0.054311
17.79 -0.052481
17.8 -0.050646
17.81 -0.048808
17.82 -0.046965
17.83 -0.045119
17.84 -0.043270
17.85 -0.041417
17.86 -0.039561
17.87 -0.037702
17.88 -0.035840
17.89 -0.033976
17.9 -0.032109
17.91 -0.030241
17.92 -0.028370
17.93 -0.026498
17.94 -0.024624
17.95 -0.022748
17.96 -0.020871
17.97 -0.018993
17.98 -0.017115
17.99 -0.015236
18 -0.013356
18.01 -0.011476
18.02 -0.009596
18.03 -0.007715
18.04 -0.005836
18.05 -0.003956
18.06 -0.002078
18.07 -0.000200
18.08 0.001677
18.09 0.003553
18.1 0.005427
18.11 0.007300
18.12 0.009171
18.13 0.011040
18.14 0.012906
18.15 0.014771
18.16 0.016633
18.17 0.018492
18.18 0.020349
18.19 0.022202
18.2 0.024052
18.21 0.025899
18.22 0.027742
18.23 0.029582
18.24 0.031417
18.25 0.033248
18.26 0.035075
18.27 0.036897
18.28 0.038715
18.29 0.040528
18.3 0.042336
18.31 0.044138
18.32 0.045936
18.33 0.047727
18.34 0.049513
18.35 0.051293
18.36 0.053067
18.37 0.054835
18.38 0.056596
18.39 0.058350
18.4 0.060098
18.41 0.061839
18.42 0.063572
18.43 0.065299
18.44 0.067018
18.45 0.068729
18.46 0.070432
18.47 0.072128
18.48 0.073815
18.49 0.075494
18.5 0.077165
18.51 0.078827
18.52 0.080480
18.53 0.082124
18.54 0.083760
18.55 0.085385
18.56 0.087002
18.57 0.088609
18.58 0.090206
18.59 0.091793
18.6 0.093371
18.61 0.094938
18.62 0.096495
18.63 0.098041
18.64 0.099577
18.65 0.101102
18.66 0.102616
18.67 0.104119
18.68 0.105610
18.69 0.107091
18.7 0.108559
18.71 0.110017
18.72 0.111462
18.73 0.112896
18.74 0.114317
18.75 0.115726
18.76 0.117123
18.77 0.118508
18.78 0.119880
18.79 0.121239
18.8 0.122585
18.81 0.123919
18.82 0.125239
18.83 0.126546
18.84 0.127840
18.85 0.129120
18.86 0.130387
18.87 0.131640
18.88 0.132879
18.89 0.134104
18.9 0.135315
18.91 0.136512
18.92 0.137695
18.93 0.138863
18.94 0.140017
18.95 0.141156
18.96 0.142281
18.97 0.143390
18.98 0.144485
18.99 0.145565
19 0.146629
19.01 0.147679
19.02 0.148713
19.03 0.149732
19.04 0.150735
19.05 0.151722
19.06 0.152694
19.07 0.153650
19.08 0.154590
19.09 0.155515
19.1 0.156423
19.11 0.157315
19.12 0.158191
19.13 0.159051
19.14 0.159894
19.15 0.160721
19.16 0.161531
19.17 0.162325
19.18 0.163102
19.19 0.163863
19.2 0.164607
19.21 0.165334
19.22 0.166043
19.23 0.166736
19.24 0.167412
19.25 0.168071
19.26 0.168713
19.27 0.169338
19.28 0.169945
19.29 0.170535
19.3 0.171107
19.31 0.171663
19.32 0.172200
19.33 0.172721
19.34 0.173223
19.35 0.173708
19.36 0.174176
19.37 0.174626
19.38 0.175058
19.39 0.175472
19.4 0.175869
19.41 0.176248
19.42 0.176609
19.43 0.176952
19.44 0.177278
19.45 0.177585
19.46 0.177875
19.47 0.178147
19.48 0.178400
19.49 0.178636
19.5 0.178854
19.51 0.179054
19.52 0.179235
19.53 0.179399
19.54 0.179545
19.55 0.179673
19.56 0.179782
19.57 0.179874
19.58 0.179948
19.59 0.180003
19.6 0.180041
19.61 0.180060
19.62 0.180062
19.63 0.180045
19.64 0.180011
19.65 0.179959
19.66 0.179888
19.67 0.179800
19.68 0.179694
19.69 0.179569
19.7 0.179427
19.71 0.179267
19.72 0.179090
19.73 0.178894
19.74 0.178681
19.75 0.178449
19.76 0.178201
19.77 0.177934
19.78 0.177650
19.79 0.177348
19.8 0.177029
19.81 0.176692
19.82 0.176337
19.83 0.175965
19.84 0.175576
19.85 0.175170
19.86 0.174746
19.87 0.174304
19.88 0.173846
19.89 0.173370
19.9 0.172878
19.91 0.172368
19.92 0.171841
19.93 0.171298
19.94 0.170737
19.95 0.170160
19.96 0.169566
19.97 0.168956
19.98 0.168328
19.99 0.167685
