0 0.000000
0.01 0.005000
0.02 0.010000
0.03 0.014998
0.04 0.019996
0.05 0.024992
0.06 0.029987
0.07 0.034979
0.08 0.039968
0.09 0.044954
0.1 0.049938
0.11 0.054917
0.12 0.059892
0.13 0.064863
0.14 0.069829
0.15 0.074789
0.16 0.079744
0.17 0.084693
0.18 0.089636
0.19 0.094572
0.2 0.099501
0.21 0.104422
0.22 0.109336
0.23 0.114241
0.24 0.119138
0.25 0.124026
0.26 0.128905
0.27 0.133774
0.28 0.138632
0.29 0.143481
0.3 0.148319
0.31 0.153146
0.32 0.157961
0.33 0.162764
0.34 0.167555
0.35 0.172334
0.36 0.177100
0.37 0.181852
0.38 0.186591
0.39 0.191316
0.4 0.196027
0.41 0.200723
0.42 0.205403
0.43 0.210069
0.44 0.214719
0.45 0.219353
0.46 0.223970
0.47 0.228571
0.48 0.233154
0.49 0.237720
0.5 0.242268
0.51 0.246799
0.52 0.251310
0.53 0.255803
0.54 0.260277
0.55 0.264732
0.56 0.269166
0.57 0.273581
0.58 0.277975
0.59 0.282349
0.6 0.286701
0.61 0.291032
0.62 0.295341
0.63 0.299628
0.64 0.303893
0.65 0.308135
0.66 0.312355
0.67 0.316551
0.68 0.320723
0.69 0.324871
0.7 0.328996
0.71 0.333096
0.72 0.337170
0.73 0.341220
0.74 0.345245
0.75 0.349244
0.76 0.353216
0.77 0.357163
0.78 0.361083
0.79 0.364976
0.8 0.368842
0.81 0.372681
0.82 0.376492
0.83 0.380275
0.84 0.384029
0.85 0.387755
0.86 0.391453
0.87 0.395121
0.88 0.398760
0.89 0.402370
0.9 0.405950
0.91 0.409499
0.92 0.413018
0.93 0.416507
0.94 0.419965
0.95 0.423392
0.96 0.426787
0.97 0.430151
0.98 0.433483
0.99 0.436783
1 0.440051
1.01 0.443286
1.02 0.446488
1.03 0.449658
1.04 0.452794
1.05 0.455897
1.06 0.458966
1.07 0.462001
1.08 0.465003
1.09 0.467970
1.1 0.470902
1.11 0.473800
1.12 0.476663
1.13 0.479491
1.14 0.482284
1.15 0.485041
1.16 0.487763
1.17 0.490449
1.18 0.493098
1.19 0.495712
1.2 0.498289
1.21 0.500830
1.22 0.503334
1.23 0.505801
1.24 0.508231
1.25 0.510623
1.26 0.512979
1.27 0.515296
1.28 0.517577
1.29 0.519819
1.3 0.522023
1.31 0.524189
1.32 0.526317
1.33 0.528407
1.34 0.530458
1.35 0.532470
1.36 0.534444
1.37 0.536379
1.38 0.538274
1.39 0.540131
1.4 0.541948
1.41 0.543726
1.42 0.545464
1.43 0.547162
1.44 0.548821
1.45 0.550441
1.46 0.552020
1.47 0.553559
1.48 0.555059
1.49 0.556518
1.5 0.557937
1.51 0.559315
1.52 0.560653
1.53 0.561951
1.54 0.563208
1.55 0.564424
1.56 0.565600
1.57 0.566735
1.58 0.567830
1.59 0.568883
1.6 0.569896
1.61 0.570868
1.62 0.571798
1.63 0.572688
1.64 0.573537
1.65 0.574344
1.66 0.575111
1.67 0.575836
1.68 0.576520
1.69 0.577163
1.7 0.577765
1.71 0.578326
1.72 0.578845
1.73 0.579323
1.74 0.579760
1.75 0.580156
1.76 0.580511
1.77 0.580824
1.78 0.581096
1.79 0.581327
1.8 0.581517
1.81 0.581666
1.82 0.581773
1.83 0.581840
1.84 0.581865
1.85 0.581849
1.86 0.581793
1.87 0.581695
1.88 0.581557
1.89 0.581377
1.9 0.581157
1.91 0.580896
1.92 0.580595
1.93 0.580252
1.94 0.579870
1.95 0.579446
1.96 0.578983
1.97 0.578478
1.98 0.577934
1.99 0.577349
2 0.576725
2.01 0.576060
2.02 0.575355
2.03 0.574611
2.04 0.573827
2.05 0.573003
2.06 0.572139
2.07 0.571236
2.08 0.570294
2.09 0.569313
2.1 0.568292
2.11 0.567233
2.12 0.566134
2.13 0.564997
2.14 0.563821
2.15 0.562607
2.16 0.561354
2.17 0.560063
2.18 0.558735
2.19 0.557368
2.2 0.555963
2.21 0.554521
2.22 0.553041
2.23 0.551524
2.24 0.549970
2.25 0.548378
2.26 0.546750
2.27 0.545085
2.28 0.543384
2.29 0.541646
2.3 0.539873
2.31 0.538063
2.32 0.536217
2.33 0.534336
2.34 0.532419
2.35 0.530467
2.36 0.528480
2.37 0.526458
2.38 0.524402
2.39 0.522311
2.4 0.520185
2.41 0.518026
2.42 0.515833
2.43 0.513606
2.44 0.511346
2.45 0.509052
2.46 0.506726
2.47 0.504366
2.48 0.501974
2.49 0.499550
2.5 0.497094
2.51 0.494606
2.52 0.492086
2.53 0.489535
2.54 0.486953
2.55 0.484340
2.56 0.481696
2.57 0.479021
2.58 0.476317
2.59 0.473582
2.6 0.470818
2.61 0.468025
2.62 0.465202
2.63 0.462350
2.64 0.459470
2.65 0.456561
2.66 0.453625
2.67 0.450660
2.68 0.447668
2.69 0.444648
2.7 0.441601
2.71 0.438528
2.72 0.435428
2.73 0.432302
2.74 0.429150
2.75 0.425972
2.76 0.422769
2.77 0.419541
2.78 0.416288
2.79 0.413011
2.8 0.409709
2.81 0.406384
2.82 0.403035
2.83 0.399662
2.84 0.396267
2.85 0.392849
2.86 0.389408
2.87 0.385945
2.88 0.382461
2.89 0.378955
2.9 0.375427
2.91 0.371879
2.92 0.368311
2.93 0.364722
2.94 0.361113
2.95 0.357485
2.96 0.353837
2.97 0.350170
2.98 0.346485
2.99 0.342781
3 0.339059
3.01 0.335319
3.02 0.331563
3.03 0.327789
3.04 0.323998
3.05 0.320191
3.06 0.316368
3.07 0.312529
3.08 0.308675
3.09 0.304805
3.1 0.300921
3.11 0.297023
3.12 0.293110
3.13 0.289184
3.14 0.285244
3.15 0.281291
3.16 0.277326
3.17 0.273348
3.18 0.269358
3.19 0.265356
3.2 0.261343
3.21 0.257319
3.22 0.253284
3.23 0.249239
3.24 0.245184
3.25 0.241120
3.26 0.237046
3.27 0.232963
3.28 0.228871
3.29 0.224771
3.3 0.220663
3.31 0.216548
3.32 0.212425
3.33 0.208296
3.34 0.204160
3.35 0.200018
3.36 0.195870
3.37 0.191716
3.38 0.187557
3.39 0.183394
3.4 0.179226
3.41 0.175054
3.42 0.170878
3.43 0.166699
3.44 0.162516
3.45 0.158331
3.46 0.154144
3.47 0.149954
3.48 0.145763
3.49 0.141571
3.5 0.137378
3.51 0.133183
3.52 0.128989
3.53 0.124795
3.54 0.120601
3.55 0.116408
3.56 0.112216
3.57 0.108025
3.58 0.103836
3.59 0.099650
3.6 0.095466
3.61 0.091284
3.62 0.087106
3.63 0.082931
3.64 0.078760
3.65 0.074593
3.66 0.070431
3.67 0.066274
3.68 0.062122
3.69 0.057975
3.7 0.053834
3.71 0.049699
3.72 0.045571
3.73 0.041450
3.74 0.037336
3.75 0.033229
3.76 0.029131
3.77 0.025040
3.78 0.020958
3.79 0.016885
3.8 0.012821
3.81 0.008766
3.82 0.004722
3.83 0.000687
3.84 -0.003337
3.85 -0.007350
3.86 -0.011352
3.87 -0.015343
3.88 -0.019322
3.89 -0.023289
3.9 -0.027244
3.91 -0.031186
3.92 -0.035115
3.93 -0.039031
3.94 -0.042933
3.95 -0.046821
3.96 -0.050695
3.97 -0.054555
3.98 -0.058400
3.99 -0.062229
4 -0.066043
4.01 -0.069842
4.02 -0.073624
4.03 -0.077390
4.04 -0.081140
4.05 -0.084873
4.06 -0.088588
4.07 -0.092286
4.08 -0.095967
4.09 -0.099629
4.1 -0.103273
4.11 -0.106899
4.12 -0.110505
4.13 -0.114093
4.14 -0.117661
4.15 -0.121209
4.16 -0.124738
4.17 -0.128246
4.18 -0.131734
4.19 -0.135201
4.2 -0.138647
4.21 -0.142072
4.22 -0.145475
4.23 -0.148857
4.24 -0.152216
4.25 -0.155553
4.26 -0.158868
4.27 -0.162160
4.28 -0.165429
4.29 -0.168674
4.3 -0.171897
4.31 -0.175095
4.32 -0.178269
4.33 -0.181420
4.34 -0.184546
4.35 -0.187647
4.36 -0.190723
4.37 -0.193775
4.38 -0.196800
4.39 -0.199801
4.4 -0.202776
4.41 -0.205724
4.42 -0.208647
4.43 -0.211543
4.44 -0.214412
4.45 -0.217255
4.46 -0.220071
4.47 -0.222860
4.48 -0.225621
4.49 -0.228355
4.5 -0.231060
4.51 -0.233738
4.52 -0.236388
4.53 -0.239010
4.54 -0.241603
4.55 -0.244167
4.56 -0.246703
4.57 -0.249209
4.58 -0.251686
4.59 -0.254134
4.6 -0.256553
4.61 -0.258942
4.62 -0.261301
4.63 -0.263630
4.64 -0.265928
4.65 -0.268197
4.66 -0.270435
4.67 -0.272643
4.68 -0.274820
4.69 -0.276966
4.7 -0.279081
4.71 -0.281165
4.72 -0.283217
4.73 -0.285239
4.74 -0.287229
4.75 -0.289187
4.76 -0.291113
4.77 -0.293008
4.78 -0.294871
4.79 -0.296701
4.8 -0.298500
4.81 -0.300266
4.82 -0.302000
4.83 -0.303701
4.84 -0.305370
4.85 -0.307006
4.86 -0.308610
4.87 -0.310180
4.88 -0.311718
4.89 -0.313223
4.9 -0.314695
4.91 -0.316133
4.92 -0.317539
4.93 -0.318911
4.94 -0.320250
4.95 -0.321555
4.96 -0.322827
4.97 -0.324065
4.98 -0.325270
4.99 -0.326441
5 -0.327579
5.01 -0.328683
5.02 -0.329753
5.03 -0.330790
5.04 -0.331792
5.05 -0.332761
5.06 -0.333696
5.07 -0.334597
5.08 -0.335465
5.09 -0.336298
5.1 -0.337097
5.11 -0.337863
5.12 -0.338594
5.13 -0.339292
5.14 -0.339955
5.15 -0.340585
5.16 -0.341180
5.17 -0.341742
5.18 -0.342269
5.19 -0.342763
5.2 -0.343223
5.21 -0.343649
5.22 -0.344041
5.23 -0.344399
5.24 -0.344723
5.25 -0.345014
5.26 -0.345271
5.27 -0.345494
5.28 -0.345683
5.29 -0.345839
5.3 -0.345961
5.31 -0.346049
5.32 -0.346104
5.33 -0.346126
5.34 -0.346114
5.35 -0.346069
5.36 -0.345990
5.37 -0.345879
5.38 -0.345734
5.39 -0.345556
5.4 -0.345345
5.41 -0.345101
5.42 -0.344824
5.43 -0.344515
5.44 -0.344173
5.45 -0.343798
5.46 -0.343390
5.47 -0.342951
5.48 -0.342479
5.49 -0.341975
5.5 -0.341438
5.51 -0.340870
5.52 -0.340270
5.53 -0.339638
5.54 -0.338974
5.55 -0.338279
5.56 -0.337552
5.57 -0.336794
5.58 -0.336004
5.59 -0.335184
5.6 -0.334333
5.61 -0.333451
5.62 -0.332538
5.63 -0.331595
5.64 -0.330621
5.65 -0.329617
5.66 -0.328583
5.67 -0.327518
5.68 -0.326424
5.69 -0.325301
5.7 -0.324148
5.71 -0.322965
5.72 -0.321753
5.73 -0.320513
5.74 -0.319243
5.75 -0.317945
5.76 -0.316618
5.77 -0.315262
5.78 -0.313879
5.79 -0.312467
5.8 -0.311028
5.81 -0.309561
5.82 -0.308066
5.83 -0.306544
5.84 -0.304995
5.85 -0.303419
5.86 -0.301817
5.87 -0.300187
5.88 -0.298532
5.89 -0.296850
5.9 -0.295142
5.91 -0.293409
5.92 -0.291650
5.93 -0.289866
5.94 -0.288056
5.95 -0.286222
5.96 -0.284363
5.97 -0.282479
5.98 -0.280572
5.99 -0.278640
6 -0.276684
6.01 -0.274704
6.02 -0.272702
6.03 -0.270676
6.04 -0.268627
6.05 -0.266555
6.06 -0.264461
6.07 -0.262345
6.08 -0.260207
6.09 -0.258046
6.1 -0.255865
6.11 -0.253662
6.12 -0.251438
6.13 -0.249193
6.14 -0.246927
6.15 -0.244642
6.16 -0.242336
6.17 -0.240010
6.18 -0.237665
6.19 -0.235300
6.2 -0.232917
6.21 -0.230514
6.22 -0.228093
6.23 -0.225654
6.24 -0.223196
6.25 -0.220721
6.26 -0.218228
6.27 -0.215718
6.28 -0.213191
6.29 -0.210647
6.3 -0.208087
6.31 -0.205510
6.32 -0.202918
6.33 -0.200310
6.34 -0.197686
6.35 -0.195048
6.36 -0.192394
6.37 -0.189726
6.38 -0.187044
6.39 -0.184348
6.4 -0.181638
6.41 -0.178914
6.42 -0.176177
6.43 -0.173427
6.44 -0.170665
6.45 -0.167890
6.46 -0.165104
6.47 -0.162305
6.48 -0.159495
6.49 -0.156674
6.5 -0.153841
6.51 -0.150998
6.52 -0.148145
6.53 -0.145282
6.54 -0.142409
6.55 -0.139526
6.56 -0.136634
6.57 -0.133733
6.58 -0.130824
6.59 -0.127906
6.6 -0.124980
6.61 -0.122047
6.62 -0.119105
6.63 -0.116157
6.64 -0.113202
6.65 -0.110240
6.66 -0.107272
6.67 -0.104298
6.68 -0.101318
6.69 -0.098333
6.7 -0.095342
6.71 -0.092347
6.72 -0.089347
6.73 -0.086343
6.74 -0.083335
6.75 -0.080323
6.76 -0.077308
6.77 -0.074289
6.78 -0.071268
6.79 -0.068245
6.8 -0.065219
6.81 -0.062191
6.82 -0.059161
6.83 -0.056131
6.84 -0.053099
6.85 -0.050066
6.86 -0.047033
6.87 -0.044000
6.88 -0.040967
6.89 -0.037934
6.9 -0.034902
6.91 -0.031871
6.92 -0.028841
6.93 -0.025813
6.94 -0.022787
6.95 -0.019762
6.96 -0.016740
6.97 -0.013721
6.98 -0.010705
6.99 -0.007692
7 -0.004683
7.01 -0.001677
7.02 0.001324
7.03 0.004321
7.04 0.007313
7.05 0.010301
7.06 0.013283
7.07 0.016259
7.08 0.019230
7.09 0.022195
7.1 0.025153
7.11 0.028105
7.12 0.031050
7.13 0.033987
7.14 0.036918
7.15 0.039840
7.16 0.042755
7.17 0.045661
7.18 0.048559
7.19 0.051448
7.2 0.054327
7.21 0.057198
7.22 0.060059
7.23 0.062910
7.24 0.065751
7.25 0.068582
7.26 0.071402
7.27 0.074211
7.28 0.077009
7.29 0.079795
7.3 0.082570
7.31 0.085334
7.32 0.088084
7.33 0.090823
7.34 0.093549
7.35 0.096262
7.36 0.098962
7.37 0.101648
7.38 0.104321
7.39 0.106980
7.4 0.109625
7.41 0.112256
7.42 0.114872
7.43 0.117473
7.44 0.120059
7.45 0.122630
7.46 0.125186
7.47 0.127726
7.48 0.130249
7.49 0.132757
7.5 0.135248
7.51 0.137723
7.52 0.140181
7.53 0.142622
7.54 0.145046
7.55 0.147452
7.56 0.149840
7.57 0.152211
7.58 0.154564
7.59 0.156898
7.6 0.159214
7.61 0.161511
7.62 0.163789
7.63 0.166048
7.64 0.168288
7.65 0.170509
7.66 0.172710
7.67 0.174891
7.68 0.177052
7.69 0.179192
7.7 0.181313
7.71 0.183413
7.72 0.185492
7.73 0.187550
7.74 0.189587
7.75 0.191603
7.76 0.193597
7.77 0.195570
7.78 0.197521
7.79 0.199450
7.8 0.201357
7.81 0.203242
7.82 0.205104
7.83 0.206944
7.84 0.208761
7.85 0.210555
7.86 0.212327
7.87 0.214075
7.88 0.215800
7.89 0.217501
7.9 0.219179
7.91 0.220834
7.92 0.222464
7.93 0.224071
7.94 0.225653
7.95 0.227212
7.96 0.228746
7.97 0.230255
7.98 0.231740
7.99 0.233201
8 0.234636
8.01 0.236047
8.02 0.237433
8.03 0.238794
8.04 0.240129
8.05 0.241439
8.06 0.242724
8.07 0.243983
8.08 0.245217
8.09 0.246425
8.1 0.247608
8.11 0.248764
8.12 0.249895
8.13 0.251000
8.14 0.252078
8.15 0.253131
8.16 0.254157
8.17 0.255157
8.18 0.256131
8.19 0.257078
8.2 0.257999
8.21 0.258893
8.22 0.259761
8.23 0.260602
8.24 0.261416
8.25 0.262204
8.26 0.262964
8.27 0.263698
8.28 0.264406
8.29 0.265086
8.3 0.265739
8.31 0.266366
8.32 0.266965
8.33 0.267538
8.34 0.268083
8.35 0.268601
8.36 0.269092
8.37 0.269557
8.38 0.269994
8.39 0.270403
8.4 0.270786
8.41 0.271142
8.42 0.271470
8.43 0.271772
8.44 0.272046
8.45 0.272293
8.46 0.272513
8.47 0.272706
8.48 0.272872
8.49 0.273010
8.5 0.273122
8.51 0.273207
8.52 0.273264
8.53 0.273295
8.54 0.273298
8.55 0.273275
8.56 0.273224
8.57 0.273147
8.58 0.273043
8.59 0.272912
8.6 0.272755
8.61 0.272571
8.62 0.272360
8.63 0.272122
8.64 0.271858
8.65 0.271567
8.66 0.271250
8.67 0.270907
8.68 0.270537
8.69 0.270141
8.7 0.269719
8.71 0.269271
8.72 0.268796
8.73 0.268296
8.74 0.267770
8.75 0.267218
8.76 0.266640
8.77 0.266037
8.78 0.265408
8.79 0.264753
8.8 0.264074
8.81 0.263369
8.82 0.262638
8.83 0.261883
8.84 0.261103
8.85 0.260298
8.86 0.259468
8.87 0.258613
8.88 0.257734
8.89 0.256830
8.9 0.255902
8.91 0.254950
8.92 0.253974
8.93 0.252974
8.94 0.251950
8.95 0.250902
8.96 0.249831
8.97 0.248736
8.98 0.247618
8.99 0.246476
9 0.245312
9.01 0.244124
9.02 0.242914
9.03 0.241682
9.04 0.240426
9.05 0.239149
9.06 0.237849
9.07 0.236527
9.08 0.235183
9.09 0.233818
9.1 0.232431
9.11 0.231022
9.12 0.229592
9.13 0.228142
9.14 0.226670
9.15 0.225177
9.16 0.223664
9.17 0.222130
9.18 0.220577
9.19 0.219003
9.2 0.217409
9.21 0.215795
9.22 0.214162
9.23 0.212509
9.24 0.210837
9.25 0.209147
9.26 0.207437
9.27 0.205709
9.28 0.203962
9.29 0.202197
9.3 0.200414
9.31 0.198613
9.32 0.196794
9.33 0.194958
9.34 0.193105
9.35 0.191234
9.36 0.189347
9.37 0.187443
9.38 0.185522
9.39 0.183585
9.4 0.181632
9.41 0.179663
9.42 0.177679
9.43 0.175679
9.44 0.173664
9.45 0.171633
9.46 0.169588
9.47 0.167529
9.48 0.165455
9.49 0.163367
9.5 0.161264
9.51 0.159149
9.52 0.157019
9.53 0.154877
9.54 0.152721
9.55 0.150552
9.56 0.148371
9.57 0.146178
9.58 0.143972
9.59 0.141754
9.6 0.139525
9.61 0.137284
9.62 0.135032
9.63 0.132769
9.64 0.130495
9.65 0.128211
9.66 0.125916
9.67 0.123611
9.68 0.121296
9.69 0.118972
9.7 0.116639
9.71 0.114296
9.72 0.111944
9.73 0.109584
9.74 0.107215
9.75 0.104839
9.76 0.102454
9.77 0.100061
9.78 0.097661
9.79 0.095254
9.8 0.092840
9.81 0.090419
9.82 0.087992
9.83 0.085558
9.84 0.083119
9.85 0.080674
9.86 0.078223
9.87 0.075767
9.88 0.073306
9.89 0.070840
9.9 0.068370
9.91 0.065895
9.92 0.063417
9.93 0.060934
9.94 0.058448
9.95 0.055959
9.96 0.053467
9.97 0.050972
9.98 0.048474
9.99 0.045975
10 0.043473
10.01 0.040969
10.02 0.038464
10.03 0.035957
10.04 0.033450
10.05 0.030941
10.06 0.028432
10.07 0.025923
10.08 0.023414
10.09 0.020904
10.1 0.018396
10.11 0.015887
10.12 0.013380
10.13 0.010874
10.14 0.008369
10.15 0.005866
10.16 0.003365
10.17 0.000866
10.18 -0.001631
10.19 -0.004125
10.2 -0.006616
10.21 -0.009104
10.22 -0.011589
10.23 -0.014070
10.24 -0.016547
10.25 -0.019020
10.26 -0.021489
10.27 -0.023954
10.28 -0.026414
10.29 -0.028868
10.3 -0.031318
10.31 -0.033762
10.32 -0.036200
10.33 -0.038632
10.34 -0.041059
10.35 -0.043478
10.36 -0.045891
10.37 -0.048298
10.38 -0.050697
10.39 -0.053089
10.4 -0.055473
10.41 -0.057849
10.42 -0.060218
10.43 -0.062578
10.44 -0.064930
10.45 -0.067273
10.46 -0.069607
10.47 -0.071932
10.48 -0.074248
10.49 -0.076554
10.5 -0.078850
10.51 -0.081136
10.52 -0.083413
10.53 -0.085678
10.54 -0.087933
10.55 -0.090178
10.56 -0.092411
10.57 -0.094633
10.58 -0.096843
10.59 -0.099042
10.6 -0.101229
10.61 -0.103403
10.62 -0.105566
10.63 -0.107716
10.64 -0.109853
10.65 -0.111978
10.66 -0.114089
10.67 -0.116187
10.68 -0.118272
10.69 -0.120342
10.7 -0.122399
10.71 -0.124442
10.72 -0.126471
10.73 -0.128485
10.74 -0.130485
10.75 -0.132470
10.76 -0.134440
10.77 -0.136395
10.78 -0.138334
10.79 -0.140258
10.8 -0.142167
10.81 -0.144059
10.82 -0.145935
10.83 -0.147796
10.84 -0.149639
10.85 -0.151467
10.86 -0.153277
10.87 -0.155071
10.88 -0.156848
10.89 -0.158607
10.9 -0.160350
10.91 -0.162074
10.92 -0.163782
10.93 -0.165471
10.94 -0.167142
10.95 -0.168795
10.96 -0.170430
10.97 -0.172047
10.98 -0.173645
10.99 -0.175225
11 -0.176785
11.01 -0.178327
11.02 -0.179850
11.03 -0.181353
11.04 -0.182837
11.05 -0.184302
11.06 -0.185747
11.07 -0.187172
11.08 -0.188577
11.09 -0.189963
11.1 -0.191328
11.11 -0.192673
11.12 -0.193998
11.13 -0.195303
11.14 -0.196587
11.15 -0.197850
11.16 -0.199093
11.17 -0.200314
11.18 -0.201515
11.19 -0.202695
11.2 -0.203853
11.21 -0.204990
11.22 -0.206106
11.23 -0.207201
11.24 -0.208274
11.25 -0.209325
11.26 -0.210355
11.27 -0.211363
11.28 -0.212349
11.29 -0.213313
11.3 -0.214255
11.31 -0.215175
11.32 -0.216073
11.33 -0.216949
11.34 -0.217802
11.35 -0.218633
11.36 -0.219442
11.37 -0.220228
11.38 -0.220991
11.39 -0.221732
11.4 -0.222451
11.41 -0.223146
11.42 -0.223819
11.43 -0.224469
11.44 -0.225097
11.45 -0.225701
11.46 -0.226282
11.47 -0.226841
11.48 -0.227377
11.49 -0.227889
11.5 -0.228379
11.51 -0.228845
11.52 -0.229288
11.53 -0.229708
11.54 -0.230106
11.55 -0.230479
11.56 -0.230830
11.57 -0.231157
11.58 -0.231462
11.59 -0.231743
11.6 -0.232000
11.61 -0.232235
11.62 -0.232446
11.63 -0.232634
11.64 -0.232799
11.65 -0.232941
11.66 -0.233059
11.67 -0.233154
11.68 -0.233226
11.69 -0.233275
11.7 -0.233300
11.71 -0.233303
11.72 -0.233282
11.73 -0.233238
11.74 -0.233171
11.75 -0.233081
11.76 -0.232967
11.77 -0.232831
11.78 -0.232672
11.79 -0.232490
11.8 -0.232285
11.81 -0.232057
11.82 -0.231806
11.83 -0.231532
11.84 -0.231236
11.85 -0.230917
11.86 -0.230575
11.87 -0.230211
11.88 -0.229824
11.89 -0.229415
11.9 -0.228983
11.91 -0.228529
11.92 -0.228053
11.93 -0.227554
11.94 -0.227033
11.95 -0.226490
11.96 -0.225926
11.97 -0.225339
11.98 -0.224730
11.99 -0.224099
12 -0.223447
12.01 -0.222773
12.02 -0.222078
12.03 -0.221361
12.04 -0.220623
12.05 -0.219863
12.06 -0.219082
12.07 -0.218280
12.08 -0.217457
12.09 -0.216614
12.1 -0.215749
12.11 -0.214864
12.12 -0.213958
12.13 -0.213031
12.14 -0.212085
12.15 -0.211118
12.16 -0.210130
12.17 -0.209123
12.18 -0.208096
12.19 -0.207049
12.2 -0.205982
12.21 -0.204896
12.22 -0.203790
12.23 -0.202665
12.24 -0.201521
12.25 -0.200357
12.26 -0.199175
12.27 -0.197974
12.28 -0.196754
12.29 -0.195516
12.3 -0.194259
12.31 -0.192984
12.32 -0.191691
12.33 -0.190380
12.34 -0.189051
12.35 -0.187704
12.36 -0.186340
12.37 -0.184958
12.38 -0.183559
12.39 -0.182143
12.4 -0.180710
12.41 -0.179261
12.42 -0.177794
12.43 -0.176311
12.44 -0.174812
12.45 -0.173297
12.46 -0.171766
12.47 -0.170219
12.48 -0.168656
12.49 -0.167077
12.5 -0.165484
12.51 -0.163875
12.52 -0.162251
12.53 -0.160613
12.54 -0.158959
12.55 -0.157292
12.56 -0.155610
12.57 -0.153914
12.58 -0.152204
12.59 -0.150480
12.6 -0.148742
12.61 -0.146992
12.62 -0.145228
12.63 -0.143451
12.64 -0.141661
12.65 -0.139858
12.66 -0.138043
12.67 -0.136216
12.68 -0.134376
12.69 -0.132525
12.7 -0.130662
12.71 -0.128788
12.72 -0.126902
12.73 -0.125005
12.74 -0.123097
12.75 -0.121179
12.76 -0.119249
12.77 -0.117310
12.78 -0.115360
12.79 -0.113401
12.8 -0.111432
12.81 -0.109453
12.82 -0.107465
12.83 -0.105467
12.84 -0.103461
12.85 -0.101446
12.86 -0.099423
12.87 -0.097391
12.88 -0.095351
12.89 -0.093304
12.9 -0.091248
12.91 -0.089185
12.92 -0.087115
12.93 -0.085038
12.94 -0.082954
12.95 -0.080863
12.96 -0.078766
12.97 -0.076663
12.98 -0.074554
12.99 -0.072439
13 -0.070318
13.01 -0.068192
13.02 -0.066061
13.03 -0.063925
13.04 -0.061784
13.05 -0.059639
13.06 -0.057489
13.07 -0.055336
13.08 -0.053178
13.09 -0.051017
13.1 -0.048852
13.11 -0.046685
13.12 -0.044514
13.13 -0.042341
13.14 -0.040164
13.15 -0.037986
13.16 -0.035806
13.17 -0.033623
13.18 -0.031439
13.19 -0.029254
13.2 -0.027067
13.21 -0.024879
13.22 -0.022690
13.23 -0.020501
13.24 -0.018311
13.25 -0.016121
13.26 -0.013932
13.27 -0.011742
13.28 -0.009553
13.29 -0.007365
13.3 -0.005177
13.31 -0.002991
13.32 -0.000806
13.33 0.001377
13.34 0.003559
13.35 0.005738
13.36 0.007916
13.37 0.010091
13.38 0.012263
13.39 0.014433
13.4 0.016599
13.41 0.018762
13.42 0.020922
13.43 0.023078
13.44 0.025230
13.45 0.027378
13.46 0.029522
13.47 0.031661
13.48 0.033795
13.49 0.035925
13.5 0.038049
13.51 0.040168
13.52 0.042282
13.53 0.044389
13.54 0.046491
13.55 0.048587
13.56 0.050676
13.57 0.052758
13.58 0.054834
13.59 0.056903
13.6 0.058965
13.61 0.061019
13.62 0.063065
13.63 0.065104
13.64 0.067135
13.65 0.069158
13.66 0.071173
13.67 0.073178
13.68 0.075176
13.69 0.077164
13.7 0.079143
13.71 0.081113
13.72 0.083073
13.73 0.085023
13.74 0.086964
13.75 0.088895
13.76 0.090815
13.77 0.092725
13.78 0.094624
13.79 0.096513
13.8 0.098391
13.81 0.100257
13.82 0.102112
13.83 0.103956
13.84 0.105788
13.85 0.107608
13.86 0.109416
13.87 0.111212
13.88 0.112995
13.89 0.114767
13.9 0.116525
13.91 0.118270
13.92 0.120003
13.93 0.121722
13.94 0.123428
13.95 0.125121
13.96 0.126800
13.97 0.128465
13.98 0.130116
13.99 0.131753
14 0.133375
14.01 0.134983
14.02 0.136577
14.03 0.138156
14.04 0.139720
14.05 0.141269
14.06 0.142803
14.07 0.144322
14.08 0.145825
14.09 0.147312
14.1 0.148784
14.11 0.150240
14.12 0.151681
14.13 0.153104
14.14 0.154512
14.15 0.155904
14.16 0.157279
14.17 0.158637
14.18 0.159978
14.19 0.161303
14.2 0.162611
14.21 0.163901
14.22 0.165175
14.23 0.166431
14.24 0.167669
14.25 0.168891
14.26 0.170094
14.27 0.171280
14.28 0.172447
14.29 0.173597
14.3 0.174729
14.31 0.175843
14.32 0.176938
14.33 0.178015
14.34 0.179073
14.35 0.180113
14.36 0.181135
14.37 0.182137
14.38 0.183121
14.39 0.184086
14.4 0.185032
14.41 0.185958
14.42 0.186866
14.43 0.187755
14.44 0.188624
14.45 0.189473
14.46 0.190304
14.47 0.191115
14.48 0.191906
14.49 0.192678
14.5 0.193429
14.51 0.194162
14.52 0.194874
14.53 0.195566
14.54 0.196239
14.55 0.196891
14.56 0.197524
14.57 0.198136
14.58 0.198729
14.59 0.199301
14.6 0.199853
14.61 0.200384
14.62 0.200896
14.63 0.201387
14.64 0.201857
14.65 0.202307
14.66 0.202737
14.67 0.203146
14.68 0.203535
14.69 0.203904
14.7 0.204251
14.71 0.204578
14.72 0.204885
14.73 0.205171
14.74 0.205436
14.75 0.205681
14.76 0.205905
14.77 0.206109
14.78 0.206292
14.79 0.206454
14.8 0.206596
14.81 0.206716
14.82 0.206817
14.83 0.206896
14.84 0.206955
14.85 0.206994
14.86 0.207011
14.87 0.207008
14.88 0.206985
14.89 0.206941
14.9 0.206876
14.91 0.206791
14.92 0.206685
14.93 0.206559
14.94 0.206412
14.95 0.206245
14.96 0.206058
14.97 0.205850
14.98 0.205621
14.99 0.205373
15 0.205104
15.01 0.204815
15.02 0.204506
15.03 0.204176
15.04 0.203827
15.05 0.203457
15.06 0.203068
15.07 0.202658
15.08 0.202229
15.09 0.201779
15.1 0.201310
15.11 0.200821
15.12 0.200313
15.13 0.199785
15.14 0.199237
15.15 0.198670
15.16 0.198084
15.17 0.197478
15.18 0.196853
15.19 0.196209
15.2 0.195545
15.21 0.194863
15.22 0.194162
15.23 0.193442
15.24 0.192703
15.25 0.191945
15.26 0.191169
15.27 0.190374
15.28 0.189561
15.29 0.188729
15.3 0.187879
15.31 0.187012
15.32 0.186126
15.33 0.185222
15.34 0.184300
15.35 0.183360
15.36 0.182403
15.37 0.181428
15.38 0.180436
15.39 0.179427
15.4 0.178400
15.41 0.177357
15.42 0.176296
15.43 0.175218
15.44 0.174124
15.45 0.173013
15.46 0.171886
15.47 0.170742
15.48 0.169582
15.49 0.168405
15.5 0.167213
15.51 0.166005
15.52 0.164781
15.53 0.163542
15.54 0.162287
15.55 0.161017
15.56 0.159731
15.57 0.158430
15.58 0.157115
15.59 0.155785
15.6 0.154440
15.61 0.153080
15.62 0.151706
15.63 0.150318
15.64 0.148916
15.65 0.147500
15.66 0.146070
15.67 0.144627
15.68 0.143170
15.69 0.141699
15.7 0.140216
15.71 0.138719
15.72 0.137210
15.73 0.135688
15.74 0.134153
15.75 0.132606
15.76 0.131047
15.77 0.129476
15.78 0.127893
15.79 0.126298
15.8 0.124691
15.81 0.123073
15.82 0.121444
15.83 0.119804
15.84 0.118153
15.85 0.116491
15.86 0.114819
15.87 0.113136
15.88 0.111444
15.89 0.109741
15.9 0.108028
15.91 0.106305
15.92 0.104573
15.93 0.102832
15.94 0.101082
15.95 0.099322
15.96 0.097554
15.97 0.095777
15.98 0.093992
15.99 0.092199
16 0.090397
16.01 0.088588
16.02 0.086771
16.03 0.084946
16.04 0.083114
16.05 0.081275
16.06 0.079429
16.07 0.077576
16.08 0.075717
16.09 0.073851
16.1 0.071979
16.11 0.070102
16.12 0.068218
16.13 0.066328
16.14 0.064434
16.15 0.062534
16.16 0.060629
16.17 0.058719
16.18 0.056804
16.19 0.054885
16.2 0.052961
16.21 0.051034
16.22 0.049103
16.23 0.047168
16.24 0.045229
16.25 0.043287
16.26 0.041342
16.27 0.039394
16.28 0.037444
16.29 0.035491
16.3 0.033535
16.31 0.031577
16.32 0.029618
16.33 0.027657
16.34 0.025694
16.35 0.023729
16.36 0.021764
16.37 0.019798
16.38 0.017830
16.39 0.015863
16.4 0.013895
16.41 0.011926
16.42 0.009958
16.43 0.007990
16.44 0.006022
16.45 0.004055
16.46 0.002089
16.47 0.000124
16.48 -0.001840
16.49 -0.003803
16.5 -0.005764
16.51 -0.007724
16.52 -0.009681
16.53 -0.011636
16.54 -0.013589
16.55 -0.015540
16.56 -0.017487
16.57 -0.019432
16.58 -0.021374
16.59 -0.023312
16.6 -0.025247
16.61 -0.027178
16.62 -0.029106
16.63 -0.031029
16.64 -0.032948
16.65 -0.034863
16.66 -0.036772
16.67 -0.038678
16.68 -0.040578
16.69 -0.042473
16.7 -0.044362
16.71 -0.046246
16.72 -0.048125
16.73 -0.049997
16.74 -0.051864
16.75 -0.053724
16.76 -0.055577
16.77 -0.057424
16.78 -0.059264
16.79 -0.061097
16.8 -0.062923
16.81 -0.064742
16.82 -0.066553
16.83 -0.068356
16.84 -0.070152
16.85 -0.071939
16.86 -0.073718
16.87 -0.075489
16.88 -0.077251
16.89 -0.079005
16.9 -0.080749
16.91 -0.082485
16.92 -0.084211
16.93 -0.085928
16.94 -0.087635
16.95 -0.089333
16.96 -0.091020
16.97 -0.092698
16.98 -0.094365
16.99 -0.096022
17 -0.097668
17.01 -0.099304
17.02 -0.100929
17.03 -0.102543
17.04 -0.104146
17.05 -0.105737
17.06 -0.107317
17.07 -0.108885
17.08 -0.110442
17.09 -0.111986
17.1 -0.113519
17.11 -0.115039
17.12 -0.116547
17.13 -0.118043
17.14 -0.119526
17.15 -0.120996
17.16 -0.122453
17.17 -0.123897
17.18 -0.125328
17.19 -0.126746
17.2 -0.128150
17.21 -0.129540
17.22 -0.130917
17.23 -0.132280
17.24 -0.133629
17.25 -0.134964
17.26 -0.136285
17.27 -0.137591
17.28 -0.138883
17.29 -0.140161
17.3 -0.141423
17.31 -0.142671
17.32 -0.143904
17.33 -0.145122
17.34 -0.146325
17.35 -0.147512
17.36 -0.148684
17.37 -0.149841
17.38 -0.150981
17.39 -0.152107
17.4 -0.153216
17.41 -0.154310
17.42 -0.155387
17.43 -0.156449
17.44 -0.157494
17.45 -0.158523
17.46 -0.159535
17.47 -0.160531
17.48 -0.161511
17.49 -0.162474
17.5 -0.163420
17.51 -0.164349
17.52 -0.165262
17.53 -0.166157
17.54 -0.167035
17.55 -0.167897
17.56 -0.168741
17.57 -0.169567
17.58 -0.170377
17.59 -0.171168
17.6 -0.171943
17.61 -0.172700
17.62 -0.173439
17.63 -0.174160
17.64 -0.174864
17.65 -0.175550
17.66 -0.176218
17.67 -0.176868
17.68 -0.177500
17.69 -0.178114
17.7 -0.178710
17.71 -0.179287
17.72 -0.179847
17.73 -0.180388
17.74 -0.180911
17.75 -0.181416
17.76 -0.181902
17.77 -0.182370
17.78 -0.182820
17.79 -0.183251
17.8 -0.183663
17.81 -0.184057
17.82 -0.184433
17.83 -0.184790
17.84 -0.185128
17.85 -0.185448
17.86 -0.185749
17.87 -0.186031
17.88 -0.186294
17.89 -0.186539
17.9 -0.186765
17.91 -0.186973
17.92 -0.187161
17.93 -0.187331
17.94 -0.187482
17.95 -0.187615
17.96 -0.187728
17.97 -0.187823
17.98 -0.187899
17.99 -0.187956
18 -0.187995
18.01 -0.188015
18.02 -0.188016
18.03 -0.187998
18.04 -0.187961
18.05 -0.187906
18.06 -0.187832
18.07 -0.187740
18.08 -0.187629
18.09 -0.187499
18.1 -0.187350
18.11 -0.187183
18.12 -0.186997
18.13 -0.186793
18.14 -0.186571
18.15 -0.186329
18.16 -0.186070
18.17 -0.185792
18.18 -0.185496
18.19 -0.185181
18.2 -0.184848
18.21 -0.184497
18.22 -0.184127
18.23 -0.183740
18.24 -0.183334
18.25 -0.182910
18.26 -0.182469
18.27 -0.182009
18.28 -0.181532
18.29 -0.181036
18.3 -0.180523
18.31 -0.179992
18.32 -0.179444
18.33 -0.178878
18.34 -0.178294
18.35 -0.177693
18.36 -0.177075
18.37 -0.176439
18.38 -0.175786
18.39 -0.175116
18.4 -0.174428
18.41 -0.173724
18.42 -0.173003
18.43 -0.172265
18.44 -0.171510
18.45 -0.170738
18.46 -0.169950
18.47 -0.169146
18.48 -0.168325
18.49 -0.167487
18.5 -0.166634
18.51 -0.165764
18.52 -0.164878
18.53 -0.163976
18.54 -0.163059
18.55 -0.162125
18.56 -0.161176
18.57 -0.160211
18.58 -0.159231
18.59 -0.158236
18.6 -0.157225
18.61 -0.156200
18.62 -0.155159
18.63 -0.154103
18.64 -0.153033
18.65 -0.151947
18.66 -0.150848
18.67 -0.149733
18.68 -0.148605
18.69 -0.147462
18.7 -0.146305
18.71 -0.145135
18.72 -0.143950
18.73 -0.142752
18.74 -0.141540
18.75 -0.140314
18.76 -0.139075
18.77 -0.137823
18.78 -0.136558
18.79 -0.135280
18.8 -0.133990
18.81 -0.132686
18.82 -0.131370
18.83 -0.130042
18.84 -0.128701
18.85 -0.127349
18.86 -0.125984
18.87 -0.124607
18.88 -0.123219
18.89 -0.121819
18.9 -0.120408
18.91 -0.118986
18.92 -0.117552
18.93 -0.116107
18.94 -0.114652
18.95 -0.113186
18.96 -0.111710
18.97 -0.110223
18.98 -0.108726
18.99 -0.107218
19 -0.105701
19.01 -0.104175
19.02 -0.102638
19.03 -0.101093
19.04 -0.099537
19.05 -0.097973
19.06 -0.096400
19.07 -0.094818
19.08 -0.093228
19.09 -0.091629
19.1 -0.090022
19.11 -0.088406
19.12 -0.086783
19.13 -0.085152
19.14 -0.083513
19.15 -0.081867
19.16 -0.080213
19.17 -0.078552
19.18 -0.076885
19.19 -0.075210
19.2 -0.073529
19.21 -0.071841
19.22 -0.070148
19.23 -0.068448
19.24 -0.066742
19.25 -0.065030
19.26 -0.063313
19.27 -0.061590
19.28 -0.059862
19.29 -0.058129
19.3 -0.056391
19.31 -0.054649
19.32 -0.052901
19.33 -0.051150
19.34 -0.049394
19.35 -0.047634
19.36 -0.045871
19.37 -0.044104
19.38 -0.042333
19.39 -0.040559
19.4 -0.038782
19.41 -0.037002
19.42 -0.035219
19.43 -0.033433
19.44 -0.031645
19.45 -0.029855
19.46 -0.028063
19.47 -0.026269
19.48 -0.024473
19.49 -0.022676
19.5 -0.020877
19.51 -0.019077
19.52 -0.017277
19.53 -0.015475
19.54 -0.013673
19.55 -0.011870
19.56 -0.010067
19.57 -0.008264
19.58 -0.006461
19.59 -0.004659
19.6 -0.002857
19.61 -0.001055
19.62 0.000746
19.63 0.002545
19.64 0.004344
19.65 0.006141
19.66 0.007937
19.67 0.009731
19.68 0.011523
19.69 0.013313
19.7 0.015101
19.71 0.016886
19.72 0.018669
19.73 0.020449
19.74 0.022226
19.75 0.024000
19.76 0.025770
19.77 0.027538
19.78 0.029301
19.79 0.031061
19.8 0.032817
19.81 0.034568
19.82 0.036316
19.83 0.038058
19.84 0.039797
19.85 0.041530
19.86 0.043258
19.87 0.044981
19.88 0.046699
19.89 0.048411
19.9 0.050117
19.91 0.051818
19.92 0.053513
19.93 0.055201
19.94 0.056883
19.95 0.058559
19.96 0.060228
19.97 0.061890
19.98 0.063545
19.99 0.065193
