0.000000000000	0.000000000000	0.000000000000	10.000000000000
0.001428571429	-0.014000000000	0.001428571429	9.999980000000
0.002857142857	-0.028000000000	0.002857142857	9.999940000000
0.004285714286	-0.042000000000	0.004285714286	9.999880000000
0.005714285714	-0.056000000000	0.005714285714	9.999800000000
0.007142857143	-0.070000000000	0.007142857143	9.999700000000
0.008571428571	-0.084000000000	0.008571428571	9.999580000000
0.010000000000	-0.098000000000	0.010000000000	9.999440000000
0.011428571429	-0.112000000000	0.011428571429	9.999280000000
0.012857142857	-0.126000000000	0.012857142857	9.999100000000
0.014285714286	-0.140000000000	0.014285714286	9.998900000000
0.015714285714	-0.154000000000	0.015714285714	9.998680000000
0.017142857143	-0.168000000000	0.017142857143	9.998440000000
0.018571428571	-0.182000000000	0.018571428571	9.998180000000
0.020000000000	-0.196000000000	0.020000000000	9.997900000000
0.021428571429	-0.210000000000	0.021428571429	9.997600000000
0.022857142857	-0.224000000000	0.022857142857	9.997280000000
0.024285714286	-0.238000000000	0.024285714286	9.996940000000
0.025714285714	-0.252000000000	0.025714285714	9.996580000000
0.027142857143	-0.266000000000	0.027142857143	9.996200000000
0.028571428571	-0.280000000000	0.028571428571	9.995800000000
0.030000000000	-0.294000000000	0.030000000000	9.995380000000
0.031428571429	-0.308000000000	0.031428571429	9.994940000000
0.032857142857	-0.322000000000	0.032857142857	9.994480000000
0.034285714286	-0.336000000000	0.034285714286	9.994000000000
0.035714285714	-0.350000000000	0.035714285714	9.993500000000
0.037142857143	-0.364000000000	0.037142857143	9.992980000000
0.038571428571	-0.378000000000	0.038571428571	9.992440000000
0.040000000000	-0.392000000000	0.040000000000	9.991880000000
0.041428571429	-0.406000000000	0.041428571429	9.991300000000
0.042857142857	-0.420000000000	0.042857142857	9.990700000000
0.044285714286	-0.434000000000	0.044285714286	9.990080000000
0.045714285714	-0.448000000000	0.045714285714	9.989440000000
0.047142857143	-0.462000000000	0.047142857143	9.988780000000
0.048571428571	-0.476000000000	0.048571428571	9.988100000000
0.050000000000	-0.490000000000	0.050000000000	9.987400000000
0.051428571429	-0.504000000000	0.051428571429	9.986680000000
0.052857142857	-0.518000000000	0.052857142857	9.985940000000
0.054285714286	-0.532000000000	0.054285714286	9.985180000000
0.055714285714	-0.546000000000	0.055714285714	9.984400000000
0.057142857143	-0.560000000000	0.057142857143	9.983600000000
0.058571428571	-0.574000000000	0.058571428571	9.982780000000
0.060000000000	-0.588000000000	0.060000000000	9.981940000000
0.061428571429	-0.602000000000	0.061428571429	9.981080000000
0.062857142857	-0.616000000000	0.062857142857	9.980200000000
0.064285714286	-0.630000000000	0.064285714286	9.979300000000
0.065714285714	-0.644000000000	0.065714285714	9.978380000000
0.067142857143	-0.658000000000	0.067142857143	9.977440000000
0.068571428571	-0.672000000000	0.068571428571	9.976480000000
0.070000000000	-0.686000000000	0.070000000000	9.975500000000
0.071428571429	-0.700000000000	0.071428571429	9.974500000000
0.072857142857	-0.714000000000	0.072857142857	9.973480000000
0.074285714286	-0.728000000000	0.074285714286	9.972440000000
0.075714285714	-0.742000000000	0.075714285714	9.971380000000
0.077142857143	-0.756000000000	0.077142857143	9.970300000000
0.078571428571	-0.770000000000	0.078571428571	9.969200000000
0.080000000000	-0.784000000000	0.080000000000	9.968080000000
0.081428571429	-0.798000000000	0.081428571429	9.966940000000
0.082857142857	-0.812000000000	0.082857142857	9.965780000000
0.084285714286	-0.826000000000	0.084285714286	9.964600000000
0.085714285714	-0.840000000000	0.085714285714	9.963400000000
0.087142857143	-0.854000000000	0.087142857143	9.962180000000
0.088571428571	-0.868000000000	0.088571428571	9.960940000000
0.090000000000	-0.882000000000	0.090000000000	9.959680000000
0.091428571429	-0.896000000000	0.091428571429	9.958400000000
0.092857142857	-0.910000000000	0.092857142857	9.957100000000
0.094285714286	-0.924000000000	0.094285714286	9.955780000000
0.095714285714	-0.938000000000	0.095714285714	9.954440000000
0.097142857143	-0.952000000000	0.097142857143	9.953080000000
0.098571428571	-0.966000000000	0.098571428571	9.951700000000
0.100000000000	-0.980000000000	0.100000000000	9.950300000000
0.101428571429	-0.994000000000	0.101428571429	9.948880000000
0.102857142857	-1.008000000000	0.102857142857	9.947440000000
0.104285714286	-1.022000000000	0.104285714286	9.945980000000
0.105714285714	-1.036000000000	0.105714285714	9.944500000000
0.107142857143	-1.050000000000	0.107142857143	9.943000000000
0.108571428571	-1.064000000000	0.108571428571	9.941480000000
0.110000000000	-1.078000000000	0.110000000000	9.939940000000
0.111428571429	-1.092000000000	0.111428571429	9.938380000000
0.112857142857	-1.106000000000	0.112857142857	9.936800000000
0.114285714286	-1.120000000000	0.114285714286	9.935200000000
0.115714285714	-1.134000000000	0.115714285714	9.933580000000
0.117142857143	-1.148000000000	0.117142857143	9.931940000000
0.118571428571	-1.162000000000	0.118571428571	9.930280000000
0.120000000000	-1.176000000000	0.120000000000	9.928600000000
0.121428571429	-1.190000000000	0.121428571429	9.926900000000
0.122857142857	-1.204000000000	0.122857142857	9.925180000000
0.124285714286	-1.218000000000	0.124285714286	9.923440000000
0.125714285714	-1.232000000000	0.125714285714	9.921680000000
0.127142857143	-1.246000000000	0.127142857143	9.919900000000
0.128571428571	-1.260000000000	0.128571428571	9.918100000000
0.130000000000	-1.274000000000	0.130000000000	9.916280000000
0.131428571429	-1.288000000000	0.131428571429	9.914440000000
0.132857142857	-1.302000000000	0.132857142857	9.912580000000
0.134285714286	-1.316000000000	0.134285714286	9.910700000000
0.135714285714	-1.330000000000	0.135714285714	9.908800000000
0.137142857143	-1.344000000000	0.137142857143	9.906880000000
0.138571428571	-1.358000000000	0.138571428571	9.904940000000
0.140000000000	-1.372000000000	0.140000000000	9.902980000000
0.141428571429	-1.386000000000	0.141428571429	9.901000000000
0.142857142857	-1.400000000000	0.142857142857	9.899000000000
0.144285714286	-1.414000000000	0.144285714286	9.896980000000
0.145714285714	-1.428000000000	0.145714285714	9.894940000000
0.147142857143	-1.442000000000	0.147142857143	9.892880000000
0.148571428571	-1.456000000000	0.148571428571	9.890800000000
0.150000000000	-1.470000000000	0.150000000000	9.888700000000
0.151428571429	-1.484000000000	0.151428571429	9.886580000000
0.152857142857	-1.498000000000	0.152857142857	9.884440000000
0.154285714286	-1.512000000000	0.154285714286	9.882280000000
0.155714285714	-1.526000000000	0.155714285714	9.880100000000
0.157142857143	-1.540000000000	0.157142857143	9.877900000000
0.158571428571	-1.554000000000	0.158571428571	9.875680000000
0.160000000000	-1.568000000000	0.160000000000	9.873440000000
0.161428571429	-1.582000000000	0.161428571429	9.871180000000
0.162857142857	-1.596000000000	0.162857142857	9.868900000000
0.164285714286	-1.610000000000	0.164285714286	9.866600000000
0.165714285714	-1.624000000000	0.165714285714	9.864280000000
0.167142857143	-1.638000000000	0.167142857143	9.861940000000
0.168571428571	-1.652000000000	0.168571428571	9.859580000000
0.170000000000	-1.666000000000	0.170000000000	9.857200000000
0.171428571429	-1.680000000000	0.171428571429	9.854800000000
0.172857142857	-1.694000000000	0.172857142857	9.852380000000
0.174285714286	-1.708000000000	0.174285714286	9.849940000000
0.175714285714	-1.722000000000	0.175714285714	9.847480000000
0.177142857143	-1.736000000000	0.177142857143	9.845000000000
0.178571428571	-1.750000000000	0.178571428571	9.842500000000
0.180000000000	-1.764000000000	0.180000000000	9.839980000000
0.181428571429	-1.778000000000	0.181428571429	9.837440000000
0.182857142857	-1.792000000000	0.182857142857	9.834880000000
0.184285714286	-1.806000000000	0.184285714286	9.832300000000
0.185714285714	-1.820000000000	0.185714285714	9.829700000000
0.187142857143	-1.834000000000	0.187142857143	9.827080000000
0.188571428571	-1.848000000000	0.188571428571	9.824440000000
0.190000000000	-1.862000000000	0.190000000000	9.821780000000
0.191428571429	-1.876000000000	0.191428571429	9.819100000000
0.192857142857	-1.890000000000	0.192857142857	9.816400000000
0.194285714286	-1.904000000000	0.194285714286	9.813680000000
0.195714285714	-1.918000000000	0.195714285714	9.810940000000
0.197142857143	-1.932000000000	0.197142857143	9.808180000000
0.198571428571	-1.946000000000	0.198571428571	9.805400000000
0.200000000000	-1.960000000000	0.200000000000	9.802600000000
0.201428571429	-1.974000000000	0.201428571429	9.799780000000
0.202857142857	-1.988000000000	0.202857142857	9.796940000000
0.204285714286	-2.002000000000	0.204285714286	9.794080000000
0.205714285714	-2.016000000000	0.205714285714	9.791200000000
0.207142857143	-2.030000000000	0.207142857143	9.788300000000
0.208571428571	-2.044000000000	0.208571428571	9.785380000000
0.210000000000	-2.058000000000	0.210000000000	9.782440000000
0.211428571429	-2.072000000000	0.211428571429	9.779480000000
0.212857142857	-2.086000000000	0.212857142857	9.776500000000
0.214285714286	-2.100000000000	0.214285714286	9.773500000000
0.215714285714	-2.114000000000	0.215714285714	9.770480000000
0.217142857143	-2.128000000000	0.217142857143	9.767440000000
0.218571428571	-2.142000000000	0.218571428571	9.764380000000
0.220000000000	-2.156000000000	0.220000000000	9.761300000000
0.221428571429	-2.170000000000	0.221428571429	9.758200000000
0.222857142857	-2.184000000000	0.222857142857	9.755080000000
0.224285714286	-2.198000000000	0.224285714286	9.751940000000
0.225714285714	-2.212000000000	0.225714285714	9.748780000000
0.227142857143	-2.226000000000	0.227142857143	9.745600000000
0.228571428571	-2.240000000000	0.228571428571	9.742400000000
0.230000000000	-2.254000000000	0.230000000000	9.739180000000
0.231428571429	-2.268000000000	0.231428571429	9.735940000000
0.232857142857	-2.282000000000	0.232857142857	9.732680000000
0.234285714286	-2.296000000000	0.234285714286	9.729400000000
0.235714285714	-2.310000000000	0.235714285714	9.726100000000
0.237142857143	-2.324000000000	0.237142857143	9.722780000000
0.238571428571	-2.338000000000	0.238571428571	9.719440000000
0.240000000000	-2.352000000000	0.240000000000	9.716080000000
0.241428571429	-2.366000000000	0.241428571429	9.712700000000
0.242857142857	-2.380000000000	0.242857142857	9.709300000000
0.244285714286	-2.394000000000	0.244285714286	9.705880000000
0.245714285714	-2.408000000000	0.245714285714	9.702440000000
0.247142857143	-2.422000000000	0.247142857143	9.698980000000
0.248571428571	-2.436000000000	0.248571428571	9.695500000000
0.250000000000	-2.450000000000	0.250000000000	9.692000000000
0.251428571429	-2.464000000000	0.251428571429	9.688480000000
0.252857142857	-2.478000000000	0.252857142857	9.684940000000
0.254285714286	-2.492000000000	0.254285714286	9.681380000000
0.255714285714	-2.506000000000	0.255714285714	9.677800000000
0.257142857143	-2.520000000000	0.257142857143	9.674200000000
0.258571428571	-2.534000000000	0.258571428571	9.670580000000
0.260000000000	-2.548000000000	0.260000000000	9.666940000000
0.261428571429	-2.562000000000	0.261428571429	9.663280000000
0.262857142857	-2.576000000000	0.262857142857	9.659600000000
0.264285714286	-2.590000000000	0.264285714286	9.655900000000
0.265714285714	-2.604000000000	0.265714285714	9.652180000000
0.267142857143	-2.618000000000	0.267142857143	9.648440000000
0.268571428571	-2.632000000000	0.268571428571	9.644680000000
0.270000000000	-2.646000000000	0.270000000000	9.640900000000
0.271428571429	-2.660000000000	0.271428571429	9.637100000000
0.272857142857	-2.674000000000	0.272857142857	9.633280000000
0.274285714286	-2.688000000000	0.274285714286	9.629440000000
0.275714285714	-2.702000000000	0.275714285714	9.625580000000
0.277142857143	-2.716000000000	0.277142857143	9.621700000000
0.278571428571	-2.730000000000	0.278571428571	9.617800000000
0.280000000000	-2.744000000000	0.280000000000	9.613880000000
0.281428571429	-2.758000000000	0.281428571429	9.609940000000
0.282857142857	-2.772000000000	0.282857142857	9.605980000000
0.284285714286	-2.786000000000	0.284285714286	9.602000000000
0.285714285714	-2.800000000000	0.285714285714	9.598000000000
0.287142857143	-2.814000000000	0.287142857143	9.593980000000
0.288571428571	-2.828000000000	0.288571428571	9.589940000000
0.290000000000	-2.842000000000	0.290000000000	9.585880000000
0.291428571429	-2.856000000000	0.291428571429	9.581800000000
0.292857142857	-2.870000000000	0.292857142857	9.577700000000
0.294285714286	-2.884000000000	0.294285714286	9.573580000000
0.295714285714	-2.898000000000	0.295714285714	9.569440000000
0.297142857143	-2.912000000000	0.297142857143	9.565280000000
0.298571428571	-2.926000000000	0.298571428571	9.561100000000
0.300000000000	-2.940000000000	0.300000000000	9.556900000000
0.301428571429	-2.954000000000	0.301428571429	9.552680000000
0.302857142857	-2.968000000000	0.302857142857	9.548440000000
0.304285714286	-2.982000000000	0.304285714286	9.544180000000
0.305714285714	-2.996000000000	0.305714285714	9.539900000000
0.307142857143	-3.010000000000	0.307142857143	9.535600000000
0.308571428571	-3.024000000000	0.308571428571	9.531280000000
0.310000000000	-3.038000000000	0.310000000000	9.526940000000
0.311428571429	-3.052000000000	0.311428571429	9.522580000000
0.312857142857	-3.066000000000	0.312857142857	9.518200000000
0.314285714286	-3.080000000000	0.314285714286	9.513800000000
0.315714285714	-3.094000000000	0.315714285714	9.509380000000
0.317142857143	-3.108000000000	0.317142857143	9.504940000000
0.318571428571	-3.122000000000	0.318571428571	9.500480000000
0.320000000000	-3.136000000000	0.320000000000	9.496000000000
0.321428571429	-3.150000000000	0.321428571429	9.491500000000
0.322857142857	-3.164000000000	0.322857142857	9.486980000000
0.324285714286	-3.178000000000	0.324285714286	9.482440000000
0.325714285714	-3.192000000000	0.325714285714	9.477880000000
0.327142857143	-3.206000000000	0.327142857143	9.473300000000
0.328571428571	-3.220000000000	0.328571428571	9.468700000000
0.330000000000	-3.234000000000	0.330000000000	9.464080000000
0.331428571429	-3.248000000000	0.331428571429	9.459440000000
0.332857142857	-3.262000000000	0.332857142857	9.454780000000
0.334285714286	-3.276000000000	0.334285714286	9.450100000000
0.335714285714	-3.290000000000	0.335714285714	9.445400000000
0.337142857143	-3.304000000000	0.337142857143	9.440680000000
0.338571428571	-3.318000000000	0.338571428571	9.435940000000
0.340000000000	-3.332000000000	0.340000000000	9.431180000000
0.341428571429	-3.346000000000	0.341428571429	9.426400000000
0.342857142857	-3.360000000000	0.342857142857	9.421600000000
0.344285714286	-3.374000000000	0.344285714286	9.416780000000
0.345714285714	-3.388000000000	0.345714285714	9.411940000000
0.347142857143	-3.402000000000	0.347142857143	9.407080000000
0.348571428571	-3.416000000000	0.348571428571	9.402200000000
0.350000000000	-3.430000000000	0.350000000000	9.397300000000
0.351428571429	-3.444000000000	0.351428571429	9.392380000000
0.352857142857	-3.458000000000	0.352857142857	9.387440000000
0.354285714286	-3.472000000000	0.354285714286	9.382480000000
0.355714285714	-3.486000000000	0.355714285714	9.377500000000
0.357142857143	-3.500000000000	0.357142857143	9.372500000000
0.358571428571	-3.514000000000	0.358571428571	9.367480000000
0.360000000000	-3.528000000000	0.360000000000	9.362440000000
0.361428571429	-3.542000000000	0.361428571429	9.357380000000
0.362857142857	-3.556000000000	0.362857142857	9.352300000000
0.364285714286	-3.570000000000	0.364285714286	9.347200000000
0.365714285714	-3.584000000000	0.365714285714	9.342080000000
0.367142857143	-3.598000000000	0.367142857143	9.336940000000
0.368571428571	-3.612000000000	0.368571428571	9.331780000000
0.370000000000	-3.626000000000	0.370000000000	9.326600000000
0.371428571429	-3.640000000000	0.371428571429	9.321400000000
0.372857142857	-3.654000000000	0.372857142857	9.316180000000
0.374285714286	-3.668000000000	0.374285714286	9.310940000000
0.375714285714	-3.682000000000	0.375714285714	9.305680000000
0.377142857143	-3.696000000000	0.377142857143	9.300400000000
0.378571428571	-3.710000000000	0.378571428571	9.295100000000
0.380000000000	-3.724000000000	0.380000000000	9.289780000000
0.381428571429	-3.738000000000	0.381428571429	9.284440000000
0.382857142857	-3.752000000000	0.382857142857	9.279080000000
0.384285714286	-3.766000000000	0.384285714286	9.273700000000
0.385714285714	-3.780000000000	0.385714285714	9.268300000000
0.387142857143	-3.794000000000	0.387142857143	9.262880000000
0.388571428571	-3.808000000000	0.388571428571	9.257440000000
0.390000000000	-3.822000000000	0.390000000000	9.251980000000
0.391428571429	-3.836000000000	0.391428571429	9.246500000000
0.392857142857	-3.850000000000	0.392857142857	9.241000000000
0.394285714286	-3.864000000000	0.394285714286	9.235480000000
0.395714285714	-3.878000000000	0.395714285714	9.229940000000
0.397142857143	-3.892000000000	0.397142857143	9.224380000000
0.398571428571	-3.906000000000	0.398571428571	9.218800000000
0.400000000000	-3.920000000000	0.400000000000	9.213200000000
0.401428571429	-3.934000000000	0.401428571429	9.207580000000
0.402857142857	-3.948000000000	0.402857142857	9.201940000000
0.404285714286	-3.962000000000	0.404285714286	9.196280000000
0.405714285714	-3.976000000000	0.405714285714	9.190600000000
0.407142857143	-3.990000000000	0.407142857143	9.184900000000
0.408571428571	-4.004000000000	0.408571428571	9.179180000000
0.410000000000	-4.018000000000	0.410000000000	9.173440000000
0.411428571429	-4.032000000000	0.411428571429	9.167680000000
0.412857142857	-4.046000000000	0.412857142857	9.161900000000
0.414285714286	-4.060000000000	0.414285714286	9.156100000000
0.415714285714	-4.074000000000	0.415714285714	9.150280000000
0.417142857143	-4.088000000000	0.417142857143	9.144440000000
0.418571428571	-4.102000000000	0.418571428571	9.138580000000
0.420000000000	-4.116000000000	0.420000000000	9.132700000000
0.421428571429	-4.130000000000	0.421428571429	9.126800000000
0.422857142857	-4.144000000000	0.422857142857	9.120880000000
0.424285714286	-4.158000000000	0.424285714286	9.114940000000
0.425714285714	-4.172000000000	0.425714285714	9.108980000000
0.427142857143	-4.186000000000	0.427142857143	9.103000000000
0.428571428571	-4.200000000000	0.428571428571	9.097000000000
0.430000000000	-4.214000000000	0.430000000000	9.090980000000
0.431428571429	-4.228000000000	0.431428571429	9.084940000000
0.432857142857	-4.242000000000	0.432857142857	9.078880000000
0.434285714286	-4.256000000000	0.434285714286	9.072800000000
0.435714285714	-4.270000000000	0.435714285714	9.066700000000
0.437142857143	-4.284000000000	0.437142857143	9.060580000000
0.438571428571	-4.298000000000	0.438571428571	9.054440000000
0.440000000000	-4.312000000000	0.440000000000	9.048280000000
0.441428571429	-4.326000000000	0.441428571429	9.042100000000
0.442857142857	-4.340000000000	0.442857142857	9.035900000000
0.444285714286	-4.354000000000	0.444285714286	9.029680000000
0.445714285714	-4.368000000000	0.445714285714	9.023440000000
0.447142857143	-4.382000000000	0.447142857143	9.017180000000
0.448571428571	-4.396000000000	0.448571428571	9.010900000000
0.450000000000	-4.410000000000	0.450000000000	9.004600000000
0.451428571429	-4.424000000000	0.451428571429	8.998280000000
0.452857142857	-4.438000000000	0.452857142857	8.991940000000
0.454285714286	-4.452000000000	0.454285714286	8.985580000000
0.455714285714	-4.466000000000	0.455714285714	8.979200000000
0.457142857143	-4.480000000000	0.457142857143	8.972800000000
0.458571428571	-4.494000000000	0.458571428571	8.966380000000
0.460000000000	-4.508000000000	0.460000000000	8.959940000000
0.461428571429	-4.522000000000	0.461428571429	8.953480000000
0.462857142857	-4.536000000000	0.462857142857	8.947000000000
0.464285714286	-4.550000000000	0.464285714286	8.940500000000
0.465714285714	-4.564000000000	0.465714285714	8.933980000000
0.467142857143	-4.578000000000	0.467142857143	8.927440000000
0.468571428571	-4.592000000000	0.468571428571	8.920880000000
0.470000000000	-4.606000000000	0.470000000000	8.914300000000
0.471428571429	-4.620000000000	0.471428571429	8.907700000000
0.472857142857	-4.634000000000	0.472857142857	8.901080000000
0.474285714286	-4.648000000000	0.474285714286	8.894440000000
0.475714285714	-4.662000000000	0.475714285714	8.887780000000
0.477142857143	-4.676000000000	0.477142857143	8.881100000000
0.478571428571	-4.690000000000	0.478571428571	8.874400000000
0.480000000000	-4.704000000000	0.480000000000	8.867680000000
0.481428571429	-4.718000000000	0.481428571429	8.860940000000
0.482857142857	-4.732000000000	0.482857142857	8.854180000000
0.484285714286	-4.746000000000	0.484285714286	8.847400000000
0.485714285714	-4.760000000000	0.485714285714	8.840600000000
0.487142857143	-4.774000000000	0.487142857143	8.833780000000
0.488571428571	-4.788000000000	0.488571428571	8.826940000000
0.490000000000	-4.802000000000	0.490000000000	8.820080000000
0.491428571429	-4.816000000000	0.491428571429	8.813200000000
0.492857142857	-4.830000000000	0.492857142857	8.806300000000
0.494285714286	-4.844000000000	0.494285714286	8.799380000000
0.495714285714	-4.858000000000	0.495714285714	8.792440000000
0.497142857143	-4.872000000000	0.497142857143	8.785480000000
0.498571428571	-4.886000000000	0.498571428571	8.778500000000
0.500000000000	-4.900000000000	0.500000000000	8.771500000000
0.501428571429	-4.914000000000	0.501428571429	8.764480000000
0.502857142857	-4.928000000000	0.502857142857	8.757440000000
0.504285714286	-4.942000000000	0.504285714286	8.750380000000
0.505714285714	-4.956000000000	0.505714285714	8.743300000000
0.507142857143	-4.970000000000	0.507142857143	8.736200000000
0.508571428571	-4.984000000000	0.508571428571	8.729080000000
0.510000000000	-4.998000000000	0.510000000000	8.721940000000
0.511428571429	-5.012000000000	0.511428571429	8.714780000000
0.512857142857	-5.026000000000	0.512857142857	8.707600000000
0.514285714286	-5.040000000000	0.514285714286	8.700400000000
0.515714285714	-5.054000000000	0.515714285714	8.693180000000
0.517142857143	-5.068000000000	0.517142857143	8.685940000000
0.518571428571	-5.082000000000	0.518571428571	8.678680000000
0.520000000000	-5.096000000000	0.520000000000	8.671400000000
0.521428571429	-5.110000000000	0.521428571429	8.664100000000
0.522857142857	-5.124000000000	0.522857142857	8.656780000000
0.524285714286	-5.138000000000	0.524285714286	8.649440000000
0.525714285714	-5.152000000000	0.525714285714	8.642080000000
0.527142857143	-5.166000000000	0.527142857143	8.634700000000
0.528571428571	-5.180000000000	0.528571428571	8.627300000000
0.530000000000	-5.194000000000	0.530000000000	8.619880000000
0.531428571429	-5.208000000000	0.531428571429	8.612440000000
0.532857142857	-5.222000000000	0.532857142857	8.604980000000
0.534285714286	-5.236000000000	0.534285714286	8.597500000000
0.535714285714	-5.250000000000	0.535714285714	8.590000000000
0.537142857143	-5.264000000000	0.537142857143	8.582480000000
0.538571428571	-5.278000000000	0.538571428571	8.574940000000
0.540000000000	-5.292000000000	0.540000000000	8.567380000000
0.541428571429	-5.306000000000	0.541428571429	8.559800000000
0.542857142857	-5.320000000000	0.542857142857	8.552200000000
0.544285714286	-5.334000000000	0.544285714286	8.544580000000
0.545714285714	-5.348000000000	0.545714285714	8.536940000000
0.547142857143	-5.362000000000	0.547142857143	8.529280000000
0.548571428571	-5.376000000000	0.548571428571	8.521600000000
0.550000000000	-5.390000000000	0.550000000000	8.513900000000
0.551428571429	-5.404000000000	0.551428571429	8.506180000000
0.552857142857	-5.418000000000	0.552857142857	8.498440000000
0.554285714286	-5.432000000000	0.554285714286	8.490680000000
0.555714285714	-5.446000000000	0.555714285714	8.482900000000
0.557142857143	-5.460000000000	0.557142857143	8.475100000000
0.558571428571	-5.474000000000	0.558571428571	8.467280000000
0.560000000000	-5.488000000000	0.560000000000	8.459440000000
0.561428571429	-5.502000000000	0.561428571429	8.451580000000
0.562857142857	-5.516000000000	0.562857142857	8.443700000000
0.564285714286	-5.530000000000	0.564285714286	8.435800000000
0.565714285714	-5.544000000000	0.565714285714	8.427880000000
0.567142857143	-5.558000000000	0.567142857143	8.419940000000
0.568571428571	-5.572000000000	0.568571428571	8.411980000000
0.570000000000	-5.586000000000	0.570000000000	8.404000000000
0.571428571429	-5.600000000000	0.571428571429	8.396000000000
0.572857142857	-5.614000000000	0.572857142857	8.387980000000
0.574285714286	-5.628000000000	0.574285714286	8.379940000000
0.575714285714	-5.642000000000	0.575714285714	8.371880000000
0.577142857143	-5.656000000000	0.577142857143	8.363800000000
0.578571428571	-5.670000000000	0.578571428571	8.355700000000
0.580000000000	-5.684000000000	0.580000000000	8.347580000000
0.581428571429	-5.698000000000	0.581428571429	8.339440000000
0.582857142857	-5.712000000000	0.582857142857	8.331280000000
0.584285714286	-5.726000000000	0.584285714286	8.323100000000
0.585714285714	-5.740000000000	0.585714285714	8.314900000000
0.587142857143	-5.754000000000	0.587142857143	8.306680000000
0.588571428571	-5.768000000000	0.588571428571	8.298440000000
0.590000000000	-5.782000000000	0.590000000000	8.290180000000
0.591428571429	-5.796000000000	0.591428571429	8.281900000000
0.592857142857	-5.810000000000	0.592857142857	8.273600000000
0.594285714286	-5.824000000000	0.594285714286	8.265280000000
0.595714285714	-5.838000000000	0.595714285714	8.256940000000
0.597142857143	-5.852000000000	0.597142857143	8.248580000000
0.598571428571	-5.866000000000	0.598571428571	8.240200000000
0.600000000000	-5.880000000000	0.600000000000	8.231800000000
0.601428571429	-5.894000000000	0.601428571429	8.223380000000
0.602857142857	-5.908000000000	0.602857142857	8.214940000000
0.604285714286	-5.922000000000	0.604285714286	8.206480000000
0.605714285714	-5.936000000000	0.605714285714	8.198000000000
0.607142857143	-5.950000000000	0.607142857143	8.189500000000
0.608571428571	-5.964000000000	0.608571428571	8.180980000000
0.610000000000	-5.978000000000	0.610000000000	8.172440000000
0.611428571429	-5.992000000000	0.611428571429	8.163880000000
0.612857142857	-6.006000000000	0.612857142857	8.155300000000
0.614285714286	-6.020000000000	0.614285714286	8.146700000000
0.615714285714	-6.034000000000	0.615714285714	8.138080000000
0.617142857143	-6.048000000000	0.617142857143	8.129440000000
0.618571428571	-6.062000000000	0.618571428571	8.120780000000
0.620000000000	-6.076000000000	0.620000000000	8.112100000000
0.621428571429	-6.090000000000	0.621428571429	8.103400000000
0.622857142857	-6.104000000000	0.622857142857	8.094680000000
0.624285714286	-6.118000000000	0.624285714286	8.085940000000
0.625714285714	-6.132000000000	0.625714285714	8.077180000000
0.627142857143	-6.146000000000	0.627142857143	8.068400000000
0.628571428571	-6.160000000000	0.628571428571	8.059600000000
0.630000000000	-6.174000000000	0.630000000000	8.050780000000
0.631428571429	-6.188000000000	0.631428571429	8.041940000000
0.632857142857	-6.202000000000	0.632857142857	8.033080000000
0.634285714286	-6.216000000000	0.634285714286	8.024200000000
0.635714285714	-6.230000000000	0.635714285714	8.015300000000
0.637142857143	-6.244000000000	0.637142857143	8.006380000000
0.638571428571	-6.258000000000	0.638571428571	7.997440000000
0.640000000000	-6.272000000000	0.640000000000	7.988480000000
0.641428571429	-6.286000000000	0.641428571429	7.979500000000
0.642857142857	-6.300000000000	0.642857142857	7.970500000000
0.644285714286	-6.314000000000	0.644285714286	7.961480000000
0.645714285714	-6.328000000000	0.645714285714	7.952440000000
0.647142857143	-6.342000000000	0.647142857143	7.943380000000
0.648571428571	-6.356000000000	0.648571428571	7.934300000000
0.650000000000	-6.370000000000	0.650000000000	7.925200000000
0.651428571429	-6.384000000000	0.651428571429	7.916080000000
0.652857142857	-6.398000000000	0.652857142857	7.906940000000
0.654285714286	-6.412000000000	0.654285714286	7.897780000000
0.655714285714	-6.426000000000	0.655714285714	7.888600000000
0.657142857143	-6.440000000000	0.657142857143	7.879400000000
0.658571428571	-6.454000000000	0.658571428571	7.870180000000
0.660000000000	-6.468000000000	0.660000000000	7.860940000000
0.661428571429	-6.482000000000	0.661428571429	7.851680000000
0.662857142857	-6.496000000000	0.662857142857	7.842400000000
0.664285714286	-6.510000000000	0.664285714286	7.833100000000
0.665714285714	-6.524000000000	0.665714285714	7.823780000000
0.667142857143	-6.538000000000	0.667142857143	7.814440000000
0.668571428571	-6.552000000000	0.668571428571	7.805080000000
0.670000000000	-6.566000000000	0.670000000000	7.795700000000
0.671428571429	-6.580000000000	0.671428571429	7.786300000000
0.672857142857	-6.594000000000	0.672857142857	7.776880000000
0.674285714286	-6.608000000000	0.674285714286	7.767440000000
0.675714285714	-6.622000000000	0.675714285714	7.757980000000
0.677142857143	-6.636000000000	0.677142857143	7.748500000000
0.678571428571	-6.650000000000	0.678571428571	7.739000000000
0.680000000000	-6.664000000000	0.680000000000	7.729480000000
0.681428571429	-6.678000000000	0.681428571429	7.719940000000
0.682857142857	-6.692000000000	0.682857142857	7.710380000000
0.684285714286	-6.706000000000	0.684285714286	7.700800000000
0.685714285714	-6.720000000000	0.685714285714	7.691200000000
0.687142857143	-6.734000000000	0.687142857143	7.681580000000
0.688571428571	-6.748000000000	0.688571428571	7.671940000000
0.690000000000	-6.762000000000	0.690000000000	7.662280000000
0.691428571429	-6.776000000000	0.691428571429	7.652600000000
0.692857142857	-6.790000000000	0.692857142857	7.642900000000
0.694285714286	-6.804000000000	0.694285714286	7.633180000000
0.695714285714	-6.818000000000	0.695714285714	7.623440000000
0.697142857143	-6.832000000000	0.697142857143	7.613680000000
0.698571428571	-6.846000000000	0.698571428571	7.603900000000
0.700000000000	-6.860000000000	0.700000000000	7.594100000000
0.701428571429	-6.874000000000	0.701428571429	7.584280000000
0.702857142857	-6.888000000000	0.702857142857	7.574440000000
0.704285714286	-6.902000000000	0.704285714286	7.564580000000
0.705714285714	-6.916000000000	0.705714285714	7.554700000000
0.707142857143	-6.930000000000	0.707142857143	7.544800000000
0.708571428571	-6.944000000000	0.708571428571	7.534880000000
0.710000000000	-6.958000000000	0.710000000000	7.524940000000
0.711428571429	-6.972000000000	0.711428571429	7.514980000000
0.712857142857	-6.986000000000	0.712857142857	7.505000000000
0.714285714286	-7.000000000000	0.714285714286	7.495000000000
0.715714285714	-7.014000000000	0.715714285714	7.484980000000
0.717142857143	-7.028000000000	0.717142857143	7.474940000000
0.718571428571	-7.042000000000	0.718571428571	7.464880000000
0.720000000000	-7.056000000000	0.720000000000	7.454800000000
0.721428571429	-7.070000000000	0.721428571429	7.444700000000
0.722857142857	-7.084000000000	0.722857142857	7.434580000000
0.724285714286	-7.098000000000	0.724285714286	7.424440000000
0.725714285714	-7.112000000000	0.725714285714	7.414280000000
0.727142857143	-7.126000000000	0.727142857143	7.404100000000
0.728571428571	-7.140000000000	0.728571428571	7.393900000000
0.730000000000	-7.154000000000	0.730000000000	7.383680000000
0.731428571429	-7.168000000000	0.731428571429	7.373440000000
0.732857142857	-7.182000000000	0.732857142857	7.363180000000
0.734285714286	-7.196000000000	0.734285714286	7.352900000000
0.735714285714	-7.210000000000	0.735714285714	7.342600000000
0.737142857143	-7.224000000000	0.737142857143	7.332280000000
0.738571428571	-7.238000000000	0.738571428571	7.321940000000
0.740000000000	-7.252000000000	0.740000000000	7.311580000000
0.741428571429	-7.266000000000	0.741428571429	7.301200000000
0.742857142857	-7.280000000000	0.742857142857	7.290800000000
0.744285714286	-7.294000000000	0.744285714286	7.280380000000
0.745714285714	-7.308000000000	0.745714285714	7.269940000000
0.747142857143	-7.322000000000	0.747142857143	7.259480000000
0.748571428571	-7.336000000000	0.748571428571	7.249000000000
0.750000000000	-7.350000000000	0.750000000000	7.238500000000
0.751428571429	-7.364000000000	0.751428571429	7.227980000000
0.752857142857	-7.378000000000	0.752857142857	7.217440000000
0.754285714286	-7.392000000000	0.754285714286	7.206880000000
0.755714285714	-7.406000000000	0.755714285714	7.196300000000
0.757142857143	-7.420000000000	0.757142857143	7.185700000000
0.758571428571	-7.434000000000	0.758571428571	7.175080000000
0.760000000000	-7.448000000000	0.760000000000	7.164440000000
0.761428571429	-7.462000000000	0.761428571429	7.153780000000
0.762857142857	-7.476000000000	0.762857142857	7.143100000000
0.764285714286	-7.490000000000	0.764285714286	7.132400000000
0.765714285714	-7.504000000000	0.765714285714	7.121680000000
0.767142857143	-7.518000000000	0.767142857143	7.110940000000
0.768571428571	-7.532000000000	0.768571428571	7.100180000000
0.770000000000	-7.546000000000	0.770000000000	7.089400000000
0.771428571429	-7.560000000000	0.771428571429	7.078600000000
0.772857142857	-7.574000000000	0.772857142857	7.067780000000
0.774285714286	-7.588000000000	0.774285714286	7.056940000000
0.775714285714	-7.602000000000	0.775714285714	7.046080000000
0.777142857143	-7.616000000000	0.777142857143	7.035200000000
0.778571428571	-7.630000000000	0.778571428571	7.024300000000
0.780000000000	-7.644000000000	0.780000000000	7.013380000000
0.781428571429	-7.658000000000	0.781428571429	7.002440000000
0.782857142857	-7.672000000000	0.782857142857	6.991480000000
0.784285714286	-7.686000000000	0.784285714286	6.980500000000
0.785714285714	-7.700000000000	0.785714285714	6.969500000000
0.787142857143	-7.714000000000	0.787142857143	6.958480000000
0.788571428571	-7.728000000000	0.788571428571	6.947440000000
0.790000000000	-7.742000000000	0.790000000000	6.936380000000
0.791428571429	-7.756000000000	0.791428571429	6.925300000000
0.792857142857	-7.770000000000	0.792857142857	6.914200000000
0.794285714286	-7.784000000000	0.794285714286	6.903080000000
0.795714285714	-7.798000000000	0.795714285714	6.891940000000
0.797142857143	-7.812000000000	0.797142857143	6.880780000000
0.798571428571	-7.826000000000	0.798571428571	6.869600000000
0.800000000000	-7.840000000000	0.800000000000	6.858400000000
0.801428571429	-7.854000000000	0.801428571429	6.847180000000
0.802857142857	-7.868000000000	0.802857142857	6.835940000000
0.804285714286	-7.882000000000	0.804285714286	6.824680000000
0.805714285714	-7.896000000000	0.805714285714	6.813400000000
0.807142857143	-7.910000000000	0.807142857143	6.802100000000
0.808571428571	-7.924000000000	0.808571428571	6.790780000000
0.810000000000	-7.938000000000	0.810000000000	6.779440000000
0.811428571429	-7.952000000000	0.811428571429	6.768080000000
0.812857142857	-7.966000000000	0.812857142857	6.756700000000
0.814285714286	-7.980000000000	0.814285714286	6.745300000000
0.815714285714	-7.994000000000	0.815714285714	6.733880000000
0.817142857143	-8.008000000000	0.817142857143	6.722440000000
0.818571428571	-8.022000000000	0.818571428571	6.710980000000
0.820000000000	-8.036000000000	0.820000000000	6.699500000000
0.821428571429	-8.050000000000	0.821428571429	6.688000000000
0.822857142857	-8.064000000000	0.822857142857	6.676480000000
0.824285714286	-8.078000000000	0.824285714286	6.664940000000
0.825714285714	-8.092000000000	0.825714285714	6.653380000000
0.827142857143	-8.106000000000	0.827142857143	6.641800000000
0.828571428571	-8.120000000000	0.828571428571	6.630200000000
0.830000000000	-8.134000000000	0.830000000000	6.618580000000
0.831428571429	-8.148000000000	0.831428571429	6.606940000000
0.832857142857	-8.162000000000	0.832857142857	6.595280000000
0.834285714286	-8.176000000000	0.834285714286	6.583600000000
0.835714285714	-8.190000000000	0.835714285714	6.571900000000
0.837142857143	-8.204000000000	0.837142857143	6.560180000000
0.838571428571	-8.218000000000	0.838571428571	6.548440000000
0.840000000000	-8.232000000000	0.840000000000	6.536680000000
0.841428571429	-8.246000000000	0.841428571429	6.524900000000
0.842857142857	-8.260000000000	0.842857142857	6.513100000000
0.844285714286	-8.274000000000	0.844285714286	6.501280000000
0.845714285714	-8.288000000000	0.845714285714	6.489440000000
0.847142857143	-8.302000000000	0.847142857143	6.477580000000
0.848571428571	-8.316000000000	0.848571428571	6.465700000000
0.850000000000	-8.330000000000	0.850000000000	6.453800000000
0.851428571429	-8.344000000000	0.851428571429	6.441880000000
0.852857142857	-8.358000000000	0.852857142857	6.429940000000
0.854285714286	-8.372000000000	0.854285714286	6.417980000000
0.855714285714	-8.386000000000	0.855714285714	6.406000000000
0.857142857143	-8.400000000000	0.857142857143	6.394000000000
0.858571428571	-8.414000000000	0.858571428571	6.381980000000
0.860000000000	-8.428000000000	0.860000000000	6.369940000000
0.861428571429	-8.442000000000	0.861428571429	6.357880000000
0.862857142857	-8.456000000000	0.862857142857	6.345800000000
0.864285714286	-8.470000000000	0.864285714286	6.333700000000
0.865714285714	-8.484000000000	0.865714285714	6.321580000000
0.867142857143	-8.498000000000	0.867142857143	6.309440000000
0.868571428571	-8.512000000000	0.868571428571	6.297280000000
0.870000000000	-8.526000000000	0.870000000000	6.285100000000
0.871428571429	-8.540000000000	0.871428571429	6.272900000000
0.872857142857	-8.554000000000	0.872857142857	6.260680000000
0.874285714286	-8.568000000000	0.874285714286	6.248440000000
0.875714285714	-8.582000000000	0.875714285714	6.236180000000
0.877142857143	-8.596000000000	0.877142857143	6.223900000000
0.878571428571	-8.610000000000	0.878571428571	6.211600000000
0.880000000000	-8.624000000000	0.880000000000	6.199280000000
0.881428571429	-8.638000000000	0.881428571429	6.186940000000
0.882857142857	-8.652000000000	0.882857142857	6.174580000000
0.884285714286	-8.666000000000	0.884285714286	6.162200000000
0.885714285714	-8.680000000000	0.885714285714	6.149800000000
0.887142857143	-8.694000000000	0.887142857143	6.137380000000
0.888571428571	-8.708000000000	0.888571428571	6.124940000000
0.890000000000	-8.722000000000	0.890000000000	6.112480000000
0.891428571429	-8.736000000000	0.891428571429	6.100000000000
0.892857142857	-8.750000000000	0.892857142857	6.087500000000
0.894285714286	-8.764000000000	0.894285714286	6.074980000000
0.895714285714	-8.778000000000	0.895714285714	6.062440000000
0.897142857143	-8.792000000000	0.897142857143	6.049880000000
0.898571428571	-8.806000000000	0.898571428571	6.037300000000
0.900000000000	-8.820000000000	0.900000000000	6.024700000000
0.901428571429	-8.834000000000	0.901428571429	6.012080000000
0.902857142857	-8.848000000000	0.902857142857	5.999440000000
0.904285714286	-8.862000000000	0.904285714286	5.986780000000
0.905714285714	-8.876000000000	0.905714285714	5.974100000000
0.907142857143	-8.890000000000	0.907142857143	5.961400000000
0.908571428571	-8.904000000000	0.908571428571	5.948680000000
0.910000000000	-8.918000000000	0.910000000000	5.935940000000
0.911428571429	-8.932000000000	0.911428571429	5.923180000000
0.912857142857	-8.946000000000	0.912857142857	5.910400000000
0.914285714286	-8.960000000000	0.914285714286	5.897600000000
0.915714285714	-8.974000000000	0.915714285714	5.884780000000
0.917142857143	-8.988000000000	0.917142857143	5.871940000000
0.918571428571	-9.002000000000	0.918571428571	5.859080000000
0.920000000000	-9.016000000000	0.920000000000	5.846200000000
0.921428571429	-9.030000000000	0.921428571429	5.833300000000
0.922857142857	-9.044000000000	0.922857142857	5.820380000000
0.924285714286	-9.058000000000	0.924285714286	5.807440000000
0.925714285714	-9.072000000000	0.925714285714	5.794480000000
0.927142857143	-9.086000000000	0.927142857143	5.781500000000
0.928571428571	-9.100000000000	0.928571428571	5.768500000000
0.930000000000	-9.114000000000	0.930000000000	5.755480000000
0.931428571429	-9.128000000000	0.931428571429	5.742440000000
0.932857142857	-9.142000000000	0.932857142857	5.729380000000
0.934285714286	-9.156000000000	0.934285714286	5.716300000000
0.935714285714	-9.170000000000	0.935714285714	5.703200000000
0.937142857143	-9.184000000000	0.937142857143	5.690080000000
0.938571428571	-9.198000000000	0.938571428571	5.676940000000
0.940000000000	-9.212000000000	0.940000000000	5.663780000000
0.941428571429	-9.226000000000	0.941428571429	5.650600000000
0.942857142857	-9.240000000000	0.942857142857	5.637400000000
0.944285714286	-9.254000000000	0.944285714286	5.624180000000
0.945714285714	-9.268000000000	0.945714285714	5.610940000000
0.947142857143	-9.282000000000	0.947142857143	5.597680000000
0.948571428571	-9.296000000000	0.948571428571	5.584400000000
0.950000000000	-9.310000000000	0.950000000000	5.571100000000
0.951428571429	-9.324000000000	0.951428571429	5.557780000000
0.952857142857	-9.338000000000	0.952857142857	5.544440000000
0.954285714286	-9.352000000000	0.954285714286	5.531080000000
0.955714285714	-9.366000000000	0.955714285714	5.517700000000
0.957142857143	-9.380000000000	0.957142857143	5.504300000000
0.958571428571	-9.394000000000	0.958571428571	5.490880000000
0.960000000000	-9.408000000000	0.960000000000	5.477440000000
0.961428571429	-9.422000000000	0.961428571429	5.463980000000
0.962857142857	-9.436000000000	0.962857142857	5.450500000000
0.964285714286	-9.450000000000	0.964285714286	5.437000000000
0.965714285714	-9.464000000000	0.965714285714	5.423480000000
0.967142857143	-9.478000000000	0.967142857143	5.409940000000
0.968571428571	-9.492000000000	0.968571428571	5.396380000000
0.970000000000	-9.506000000000	0.970000000000	5.382800000000
0.971428571429	-9.520000000000	0.971428571429	5.369200000000
0.972857142857	-9.534000000000	0.972857142857	5.355580000000
0.974285714286	-9.548000000000	0.974285714286	5.341940000000
0.975714285714	-9.562000000000	0.975714285714	5.328280000000
0.977142857143	-9.576000000000	0.977142857143	5.314600000000
0.978571428571	-9.590000000000	0.978571428571	5.300900000000
0.980000000000	-9.604000000000	0.980000000000	5.287180000000
0.981428571429	-9.618000000000	0.981428571429	5.273440000000
0.982857142857	-9.632000000000	0.982857142857	5.259680000000
0.984285714286	-9.646000000000	0.984285714286	5.245900000000
0.985714285714	-9.660000000000	0.985714285714	5.232100000000
0.987142857143	-9.674000000000	0.987142857143	5.218280000000
0.988571428571	-9.688000000000	0.988571428571	5.204440000000
0.990000000000	-9.702000000000	0.990000000000	5.190580000000
0.991428571429	-9.716000000000	0.991428571429	5.176700000000
0.992857142857	-9.730000000000	0.992857142857	5.162800000000
0.994285714286	-9.744000000000	0.994285714286	5.148880000000
0.995714285714	-9.758000000000	0.995714285714	5.134940000000
0.997142857143	-9.772000000000	0.997142857143	5.120980000000
0.998571428571	-9.786000000000	0.998571428571	5.107000000000
1.000000000000	-9.800000000000	1.000000000000	5.093000000000
1.001428571429	-9.814000000000	1.001428571429	5.078980000000
1.002857142857	-9.828000000000	1.002857142857	5.064940000000
1.004285714286	-9.842000000000	1.004285714286	5.050880000000
1.005714285714	-9.856000000000	1.005714285714	5.036800000000
1.007142857143	-9.870000000000	1.007142857143	5.022700000000
1.008571428571	-9.884000000000	1.008571428571	5.008580000000
1.010000000000	-9.898000000000	1.010000000000	4.994440000000
1.011428571429	-9.912000000000	1.011428571429	4.980280000000
1.012857142857	-9.926000000000	1.012857142857	4.966100000000
1.014285714286	-9.940000000000	1.014285714286	4.951900000000
1.015714285714	-9.954000000000	1.015714285714	4.937680000000
1.017142857143	-9.968000000000	1.017142857143	4.923440000000
1.018571428571	-9.982000000000	1.018571428571	4.909180000000
1.020000000000	-9.996000000000	1.020000000000	4.894900000000
1.021428571429	-10.010000000000	1.021428571429	4.880600000000
1.022857142857	-10.024000000000	1.022857142857	4.866280000000
1.024285714286	-10.038000000000	1.024285714286	4.851940000000
1.025714285714	-10.052000000000	1.025714285714	4.837580000000
1.027142857143	-10.066000000000	1.027142857143	4.823200000000
1.028571428571	-10.080000000000	1.028571428571	4.808800000000
1.030000000000	-10.094000000000	1.030000000000	4.794380000000
1.031428571429	-10.108000000000	1.031428571429	4.779940000000
1.032857142857	-10.122000000000	1.032857142857	4.765480000000
1.034285714286	-10.136000000000	1.034285714286	4.751000000000
1.035714285714	-10.150000000000	1.035714285714	4.736500000000
1.037142857143	-10.164000000000	1.037142857143	4.721980000000
1.038571428571	-10.178000000000	1.038571428571	4.707440000000
1.040000000000	-10.192000000000	1.040000000000	4.692880000000
1.041428571429	-10.206000000000	1.041428571429	4.678300000000
1.042857142857	-10.220000000000	1.042857142857	4.663700000000
1.044285714286	-10.234000000000	1.044285714286	4.649080000000
1.045714285714	-10.248000000000	1.045714285714	4.634440000000
1.047142857143	-10.262000000000	1.047142857143	4.619780000000
1.048571428571	-10.276000000000	1.048571428571	4.605100000000
1.050000000000	-10.290000000000	1.050000000000	4.590400000000
1.051428571429	-10.304000000000	1.051428571429	4.575680000000
1.052857142857	-10.318000000000	1.052857142857	4.560940000000
1.054285714286	-10.332000000000	1.054285714286	4.546180000000
1.055714285714	-10.346000000000	1.055714285714	4.531400000000
1.057142857143	-10.360000000000	1.057142857143	4.516600000000
1.058571428571	-10.374000000000	1.058571428571	4.501780000000
1.060000000000	-10.388000000000	1.060000000000	4.486940000000
1.061428571429	-10.402000000000	1.061428571429	4.472080000000
1.062857142857	-10.416000000000	1.062857142857	4.457200000000
1.064285714286	-10.430000000000	1.064285714286	4.442300000000
1.065714285714	-10.444000000000	1.065714285714	4.427380000000
1.067142857143	-10.458000000000	1.067142857143	4.412440000000
1.068571428571	-10.472000000000	1.068571428571	4.397480000000
1.070000000000	-10.486000000000	1.070000000000	4.382500000000
1.071428571429	-10.500000000000	1.071428571429	4.367500000000
1.072857142857	-10.514000000000	1.072857142857	4.352480000000
1.074285714286	-10.528000000000	1.074285714286	4.337440000000
1.075714285714	-10.542000000000	1.075714285714	4.322380000000
1.077142857143	-10.556000000000	1.077142857143	4.307300000000
1.078571428571	-10.570000000000	1.078571428571	4.292200000000
1.080000000000	-10.584000000000	1.080000000000	4.277080000000
1.081428571429	-10.598000000000	1.081428571429	4.261940000000
1.082857142857	-10.612000000000	1.082857142857	4.246780000000
1.084285714286	-10.626000000000	1.084285714286	4.231600000000
1.085714285714	-10.640000000000	1.085714285714	4.216400000000
1.087142857143	-10.654000000000	1.087142857143	4.201180000000
1.088571428571	-10.668000000000	1.088571428571	4.185940000000
1.090000000000	-10.682000000000	1.090000000000	4.170680000000
1.091428571429	-10.696000000000	1.091428571429	4.155400000000
1.092857142857	-10.710000000000	1.092857142857	4.140100000000
1.094285714286	-10.724000000000	1.094285714286	4.124780000000
1.095714285714	-10.738000000000	1.095714285714	4.109440000000
1.097142857143	-10.752000000000	1.097142857143	4.094080000000
1.098571428571	-10.766000000000	1.098571428571	4.078700000000
1.100000000000	-10.780000000000	1.100000000000	4.063300000000
1.101428571429	-10.794000000000	1.101428571429	4.047880000000
1.102857142857	-10.808000000000	1.102857142857	4.032440000000
1.104285714286	-10.822000000000	1.104285714286	4.016980000000
1.105714285714	-10.836000000000	1.105714285714	4.001500000000
1.107142857143	-10.850000000000	1.107142857143	3.986000000000
1.108571428571	-10.864000000000	1.108571428571	3.970480000000
1.110000000000	-10.878000000000	1.110000000000	3.954940000000
1.111428571429	-10.892000000000	1.111428571429	3.939380000000
1.112857142857	-10.906000000000	1.112857142857	3.923800000000
1.114285714286	-10.920000000000	1.114285714286	3.908200000000
1.115714285714	-10.934000000000	1.115714285714	3.892580000000
1.117142857143	-10.948000000000	1.117142857143	3.876940000000
1.118571428571	-10.962000000000	1.118571428571	3.861280000000
1.120000000000	-10.976000000000	1.120000000000	3.845600000000
1.121428571429	-10.990000000000	1.121428571429	3.829900000000
1.122857142857	-11.004000000000	1.122857142857	3.814180000000
1.124285714286	-11.018000000000	1.124285714286	3.798440000000
1.125714285714	-11.032000000000	1.125714285714	3.782680000000
1.127142857143	-11.046000000000	1.127142857143	3.766900000000
1.128571428571	-11.060000000000	1.128571428571	3.751100000000
1.130000000000	-11.074000000000	1.130000000000	3.735280000000
1.131428571429	-11.088000000000	1.131428571429	3.719440000000
1.132857142857	-11.102000000000	1.132857142857	3.703580000000
1.134285714286	-11.116000000000	1.134285714286	3.687700000000
1.135714285714	-11.130000000000	1.135714285714	3.671800000000
1.137142857143	-11.144000000000	1.137142857143	3.655880000000
1.138571428571	-11.158000000000	1.138571428571	3.639940000000
1.140000000000	-11.172000000000	1.140000000000	3.623980000000
1.141428571429	-11.186000000000	1.141428571429	3.608000000000
1.142857142857	-11.200000000000	1.142857142857	3.592000000000
1.144285714286	-11.214000000000	1.144285714286	3.575980000000
1.145714285714	-11.228000000000	1.145714285714	3.559940000000
1.147142857143	-11.242000000000	1.147142857143	3.543880000000
1.148571428571	-11.256000000000	1.148571428571	3.527800000000
1.150000000000	-11.270000000000	1.150000000000	3.511700000000
1.151428571429	-11.284000000000	1.151428571429	3.495580000000
1.152857142857	-11.298000000000	1.152857142857	3.479440000000
1.154285714286	-11.312000000000	1.154285714286	3.463280000000
1.155714285714	-11.326000000000	1.155714285714	3.447100000000
1.157142857143	-11.340000000000	1.157142857143	3.430900000000
1.158571428571	-11.354000000000	1.158571428571	3.414680000000
1.160000000000	-11.368000000000	1.160000000000	3.398440000000
1.161428571429	-11.382000000000	1.161428571429	3.382180000000
1.162857142857	-11.396000000000	1.162857142857	3.365900000000
1.164285714286	-11.410000000000	1.164285714286	3.349600000000
1.165714285714	-11.424000000000	1.165714285714	3.333280000000
1.167142857143	-11.438000000000	1.167142857143	3.316940000000
1.168571428571	-11.452000000000	1.168571428571	3.300580000000
1.170000000000	-11.466000000000	1.170000000000	3.284200000000
1.171428571429	-11.480000000000	1.171428571429	3.267800000000
1.172857142857	-11.494000000000	1.172857142857	3.251380000000
1.174285714286	-11.508000000000	1.174285714286	3.234940000000
1.175714285714	-11.522000000000	1.175714285714	3.218480000000
1.177142857143	-11.536000000000	1.177142857143	3.202000000000
1.178571428571	-11.550000000000	1.178571428571	3.185500000000
1.180000000000	-11.564000000000	1.180000000000	3.168980000000
1.181428571429	-11.578000000000	1.181428571429	3.152440000000
1.182857142857	-11.592000000000	1.182857142857	3.135880000000
1.184285714286	-11.606000000000	1.184285714286	3.119300000000
1.185714285714	-11.620000000000	1.185714285714	3.102700000000
1.187142857143	-11.634000000000	1.187142857143	3.086080000000
1.188571428571	-11.648000000000	1.188571428571	3.069440000000
1.190000000000	-11.662000000000	1.190000000000	3.052780000000
1.191428571429	-11.676000000000	1.191428571429	3.036100000000
1.192857142857	-11.690000000000	1.192857142857	3.019400000000
1.194285714286	-11.704000000000	1.194285714286	3.002680000000
1.195714285714	-11.718000000000	1.195714285714	2.985940000000
1.197142857143	-11.732000000000	1.197142857143	2.969180000000
1.198571428571	-11.746000000000	1.198571428571	2.952400000000
1.200000000000	-11.760000000000	1.200000000000	2.935600000000
1.201428571429	-11.774000000000	1.201428571429	2.918780000000
1.202857142857	-11.788000000000	1.202857142857	2.901940000000
1.204285714286	-11.802000000000	1.204285714286	2.885080000000
1.205714285714	-11.816000000000	1.205714285714	2.868200000000
1.207142857143	-11.830000000000	1.207142857143	2.851300000000
1.208571428571	-11.844000000000	1.208571428571	2.834380000000
1.210000000000	-11.858000000000	1.210000000000	2.817440000000
1.211428571429	-11.872000000000	1.211428571429	2.800480000000
1.212857142857	-11.886000000000	1.212857142857	2.783500000000
1.214285714286	-11.900000000000	1.214285714286	2.766500000000
1.215714285714	-11.914000000000	1.215714285714	2.749480000000
1.217142857143	-11.928000000000	1.217142857143	2.732440000000
1.218571428571	-11.942000000000	1.218571428571	2.715380000000
1.220000000000	-11.956000000000	1.220000000000	2.698300000000
1.221428571429	-11.970000000000	1.221428571429	2.681200000000
1.222857142857	-11.984000000000	1.222857142857	2.664080000000
1.224285714286	-11.998000000000	1.224285714286	2.646940000000
1.225714285714	-12.012000000000	1.225714285714	2.629780000000
1.227142857143	-12.026000000000	1.227142857143	2.612600000000
1.228571428571	-12.040000000000	1.228571428571	2.595400000000
1.230000000000	-12.054000000000	1.230000000000	2.578180000000
1.231428571429	-12.068000000000	1.231428571429	2.560940000000
1.232857142857	-12.082000000000	1.232857142857	2.543680000000
1.234285714286	-12.096000000000	1.234285714286	2.526400000000
1.235714285714	-12.110000000000	1.235714285714	2.509100000000
1.237142857143	-12.124000000000	1.237142857143	2.491780000000
1.238571428571	-12.138000000000	1.238571428571	2.474440000000
1.240000000000	-12.152000000000	1.240000000000	2.457080000000
1.241428571429	-12.166000000000	1.241428571429	2.439700000000
1.242857142857	-12.180000000000	1.242857142857	2.422300000000
1.244285714286	-12.194000000000	1.244285714286	2.404880000000
1.245714285714	-12.208000000000	1.245714285714	2.387440000000
1.247142857143	-12.222000000000	1.247142857143	2.369980000000
1.248571428571	-12.236000000000	1.248571428571	2.352500000000
1.250000000000	-12.250000000000	1.250000000000	2.335000000000
1.251428571429	-12.264000000000	1.251428571429	2.317480000000
1.252857142857	-12.278000000000	1.252857142857	2.299940000000
1.254285714286	-12.292000000000	1.254285714286	2.282380000000
1.255714285714	-12.306000000000	1.255714285714	2.264800000000
1.257142857143	-12.320000000000	1.257142857143	2.247200000000
1.258571428571	-12.334000000000	1.258571428571	2.229580000000
1.260000000000	-12.348000000000	1.260000000000	2.211940000000
1.261428571429	-12.362000000000	1.261428571429	2.194280000000
1.262857142857	-12.376000000000	1.262857142857	2.176600000000
1.264285714286	-12.390000000000	1.264285714286	2.158900000000
1.265714285714	-12.404000000000	1.265714285714	2.141180000000
1.267142857143	-12.418000000000	1.267142857143	2.123440000000
1.268571428571	-12.432000000000	1.268571428571	2.105680000000
1.270000000000	-12.446000000000	1.270000000000	2.087900000000
1.271428571429	-12.460000000000	1.271428571429	2.070100000000
1.272857142857	-12.474000000000	1.272857142857	2.052280000000
1.274285714286	-12.488000000000	1.274285714286	2.034440000000
1.275714285714	-12.502000000000	1.275714285714	2.016580000000
1.277142857143	-12.516000000000	1.277142857143	1.998700000000
1.278571428571	-12.530000000000	1.278571428571	1.980800000000
1.280000000000	-12.544000000000	1.280000000000	1.962880000000
1.281428571429	-12.558000000000	1.281428571429	1.944940000000
1.282857142857	-12.572000000000	1.282857142857	1.926980000000
1.284285714286	-12.586000000000	1.284285714286	1.909000000000
1.285714285714	-12.600000000000	1.285714285714	1.891000000000
1.287142857143	-12.614000000000	1.287142857143	1.872980000000
1.288571428571	-12.628000000000	1.288571428571	1.854940000000
1.290000000000	-12.642000000000	1.290000000000	1.836880000000
1.291428571429	-12.656000000000	1.291428571429	1.818800000000
1.292857142857	-12.670000000000	1.292857142857	1.800700000000
1.294285714286	-12.684000000000	1.294285714286	1.782580000000
1.295714285714	-12.698000000000	1.295714285714	1.764440000000
1.297142857143	-12.712000000000	1.297142857143	1.746280000000
1.298571428571	-12.726000000000	1.298571428571	1.728100000000
1.300000000000	-12.740000000000	1.300000000000	1.709900000000
1.301428571429	-12.754000000000	1.301428571429	1.691680000000
1.302857142857	-12.768000000000	1.302857142857	1.673440000000
1.304285714286	-12.782000000000	1.304285714286	1.655180000000
1.305714285714	-12.796000000000	1.305714285714	1.636900000000
1.307142857143	-12.810000000000	1.307142857143	1.618600000000
1.308571428571	-12.824000000000	1.308571428571	1.600280000000
1.310000000000	-12.838000000000	1.310000000000	1.581940000000
1.311428571429	-12.852000000000	1.311428571429	1.563580000000
1.312857142857	-12.866000000000	1.312857142857	1.545200000000
1.314285714286	-12.880000000000	1.314285714286	1.526800000000
1.315714285714	-12.894000000000	1.315714285714	1.508380000000
1.317142857143	-12.908000000000	1.317142857143	1.489940000000
1.318571428571	-12.922000000000	1.318571428571	1.471480000000
1.320000000000	-12.936000000000	1.320000000000	1.453000000000
1.321428571429	-12.950000000000	1.321428571429	1.434500000000
1.322857142857	-12.964000000000	1.322857142857	1.415980000000
1.324285714286	-12.978000000000	1.324285714286	1.397440000000
1.325714285714	-12.992000000000	1.325714285714	1.378880000000
1.327142857143	-13.006000000000	1.327142857143	1.360300000000
1.328571428571	-13.020000000000	1.328571428571	1.341700000000
1.330000000000	-13.034000000000	1.330000000000	1.323080000000
1.331428571429	-13.048000000000	1.331428571429	1.304440000000
1.332857142857	-13.062000000000	1.332857142857	1.285780000000
1.334285714286	-13.076000000000	1.334285714286	1.267100000000
1.335714285714	-13.090000000000	1.335714285714	1.248400000000
1.337142857143	-13.104000000000	1.337142857143	1.229680000000
1.338571428571	-13.118000000000	1.338571428571	1.210940000000
1.340000000000	-13.132000000000	1.340000000000	1.192180000000
1.341428571429	-13.146000000000	1.341428571429	1.173400000000
1.342857142857	-13.160000000000	1.342857142857	1.154600000000
1.344285714286	-13.174000000000	1.344285714286	1.135780000000
1.345714285714	-13.188000000000	1.345714285714	1.116940000000
1.347142857143	-13.202000000000	1.347142857143	1.098080000000
1.348571428571	-13.216000000000	1.348571428571	1.079200000000
1.350000000000	-13.230000000000	1.350000000000	1.060300000000
1.351428571429	-13.244000000000	1.351428571429	1.041380000000
1.352857142857	-13.258000000000	1.352857142857	1.022440000000
1.354285714286	-13.272000000000	1.354285714286	1.003480000000
1.355714285714	-13.286000000000	1.355714285714	0.984500000000
1.357142857143	-13.300000000000	1.357142857143	0.965500000000
1.358571428571	-13.314000000000	1.358571428571	0.946480000000
1.360000000000	-13.328000000000	1.360000000000	0.927440000000
1.361428571429	-13.342000000000	1.361428571429	0.908380000000
1.362857142857	-13.356000000000	1.362857142857	0.889300000000
1.364285714286	-13.370000000000	1.364285714286	0.870200000000
1.365714285714	-13.384000000000	1.365714285714	0.851080000000
1.367142857143	-13.398000000000	1.367142857143	0.831940000000
1.368571428571	-13.412000000000	1.368571428571	0.812780000000
1.370000000000	-13.426000000000	1.370000000000	0.793600000000
1.371428571429	-13.440000000000	1.371428571429	0.774400000000
1.372857142857	-13.454000000000	1.372857142857	0.755180000000
1.374285714286	-13.468000000000	1.374285714286	0.735940000000
1.375714285714	-13.482000000000	1.375714285714	0.716680000000
1.377142857143	-13.496000000000	1.377142857143	0.697400000000
1.378571428571	-13.510000000000	1.378571428571	0.678100000000
1.380000000000	-13.524000000000	1.380000000000	0.658780000000
1.381428571429	-13.538000000000	1.381428571429	0.639440000000
1.382857142857	-13.552000000000	1.382857142857	0.620080000000
1.384285714286	-13.566000000000	1.384285714286	0.600700000000
1.385714285714	-13.580000000000	1.385714285714	0.581300000000
1.387142857143	-13.594000000000	1.387142857143	0.561880000000
1.388571428571	-13.608000000000	1.388571428571	0.542440000000
1.390000000000	-13.622000000000	1.390000000000	0.522980000000
1.391428571429	-13.636000000000	1.391428571429	0.503500000000
1.392857142857	-13.650000000000	1.392857142857	0.484000000000
1.394285714286	-13.664000000000	1.394285714286	0.464480000000
1.395714285714	-13.678000000000	1.395714285714	0.444940000000
1.397142857143	-13.692000000000	1.397142857143	0.425380000000
1.398571428571	-13.706000000000	1.398571428571	0.405800000000
1.400000000000	-13.720000000000	1.400000000000	0.386200000000
1.401428571429	-13.734000000000	1.401428571429	0.366580000000
1.402857142857	-13.748000000000	1.402857142857	0.346940000000
1.404285714286	-13.762000000000	1.404285714286	0.327280000000
1.405714285714	-13.776000000000	1.405714285714	0.307600000000
1.407142857143	-13.790000000000	1.407142857143	0.287900000000
1.408571428571	-13.804000000000	1.408571428571	0.268180000000
1.410000000000	-13.818000000000	1.410000000000	0.248440000000
1.411428571429	-13.832000000000	1.411428571429	0.228680000000
1.412857142857	-13.846000000000	1.412857142857	0.208900000000
1.414285714286	-13.860000000000	1.414285714286	0.189100000000
1.415714285714	-13.874000000000	1.415714285714	0.169280000000
1.417142857143	-13.888000000000	1.417142857143	0.149440000000
1.418571428571	-13.902000000000	1.418571428571	0.129580000000
1.420000000000	-13.916000000000	1.420000000000	0.109700000000
1.421428571429	-13.930000000000	1.421428571429	0.089800000000
1.422857142857	-13.944000000000	1.422857142857	0.069880000000
1.424285714286	-13.958000000000	1.424285714286	0.049940000000
1.425714285714	-13.972000000000	1.425714285714	0.029980000000
1.427142857143	-13.986000000000	1.427142857143	0.010000000000
